0.00231521
0.12439
0.100387
0.103936
0.0685689
0.090096
0.0649037
0.189964
0.249025
0.331918
0.574224
1.05632
1.38397
1.31429
3.07275
6.04225
6.91207
6.725
7.72699
9.15541
10.1643
10.2017
11.3887
15.71
22.5819
23.1656
20.6046
13.8976
12.8702
18.9111
29.9348
36.1776
34.5847
21.4607
11.07
14.0769
23.7252
31.0591
33.1189
29.1577
29.5386
43.9981
51.6474
47.422
39.517
35.5015
35.4129
41.213
47.0441
46.1621
34.4061
23.147
17.6184
16.9552
16.4467
14.0119
11.3558
18.0215
31.4707
37.2872
31.0537
20.3067
15.4046
19.9501
24.2203
19.9233
8.80011
12.7087
24.4457
30.3162
34.2424
37.4202
33.2602
18.7994
11.2101
15.4775
10.6744
13.9094
28.1495
34.8216
32.1671
20.292
16.5896
21.2116
20.0647
15.4414
13.8577
12.3123
6.73678
11.0777
18.227
18.2788
13.9576
15.1835
17.4237
15.1169
11.8228
16.8096
20.1993
13.1126
3.30963
18.011
30.7319
33.7266
20.1711
11.379
24.272
27.404
18.3032
20.0233
29.0727
32.0359
24.5368
29.418
44.1426
49.8706
48.0719
46.6985
46.2088
41.4731
33.6872
22.8549
12.809
6.51987
7.48632
10.3728
12.3297
12.576
11.2695
9.40106
9.55129
9.22885
8.40302
8.71212
11.8133
14.3398
16.0607
19.074
18.8832
12.7503
8.05481
13.2243
16.5039
17.2503
16.3286
19.693
25.6537
29.7042
30.3447
33.8712
40.0545
41.6685
37.9562
31.6795
27.6056
26.0703
26.8645
27.6814
30.0294
31.6316
31.3392
31.1497
30.8202
29.0626
27.445
26.6257
24.5545
25.7918
28.3033
26.8529
24.2781
18.4459
12.9466
10.9687
11.3895
11.907
14.1167
17.7048
23.4989
30.6892
39.1763
46.611
48.6978
48.4265
49.251
52.5946
56.4943
57.4292
54.4757
52.1576
52.7667
54.6194
54.6114
54.5237
49.0595
38.86
28.1881
24.6169
26.9192
29.1807
31.7745
35.5795
39.8188
37.8174
35.3
32.1232
29.3586
25.0996
20.0467
16.2645
12.7286
7.24842
3.17489
4.058
5.53043
4.56332
4.8213
6.98038
8.77009
13.3837
17.8057
20.2138
22.5938
23.3325
22.7602
23.4247
23.4733
24.6379
27.5941
27.7851
24.5517
26.3574
33.5708
39.222
42.049
43.1719
43.7756
43.1309
40.9762
40.5285
42.2067
39.5481
34.4293
25.7269
18.6525
13.7524
9.14399
6.61087
7.22026
11.9628
17.5669
23.8497
27.9992
32.4727
36.3054
39.2411
41.4216
44.6514
48.8803
56.7775
65.6043
76.1038
81.8971
87.6428
93.5402
96.638
101.417
102.753
104.693
105.45
104.762
104.013
106.305
108.982
109.163
105.372
92.6903
78.8084
65.6617
54.3789
48.4536
43.0795
39.0315
35.1091
36.0803
34.4381
28.9793
17.1536
12.5778
21.0811
33.1857
42.0097
48.4524
51.1157
52.2281
56.1421
58.4437
55.1104
50.5795
50.7301
57.7773
64.9643
70.0854
71.4669
68.6533
68.0076
67.534
65.1699
61.5746
60.5229
61.8461
60.937
57.4796
52.0791
45.9226
41.8324
41.1223
41.8172
41.3446
42.5767
44.927
44.8938
42.2947
39.1251
36.3937
32.6806
27.4031
21.5848
17.1663
12.5486
7.80775
2.49687
5.74779
12.7589
17.7396
25.427
36.0303
49.308
59.6402
67.4252
71.0595
75.0693
80.4502
85.4888
86.9112
84.4592
78.5214
72.1234
66.5489
64.2206
63.6226
69.3989
79.0438
85.1195
83.9087
79.4379
73.7636
68.3867
64.6266
61.0428
52.511
39.2117
27.1424
17.2442
17.4229
16.6296
12.8213
16.8915
24.2745
30.1886
33.3139
34.4894
34.3845
29.8021
27.3128
23.0178
19.6528
15.8414
14.6867
16.9622
21.3492
22.9736
19.3141
16.2189
18.7836
21.646
21.9469
24.2249
24.3405
25.3705
25.4311
25.5383
26.259
26.9537
28.6491
29.1056
27.7773
25.8338
21.5011
16.632
10.906
7.92149
8.67168
11.9409
14.2787
17.0141
18.8248
20.4532
19.8879
17.0952
17.5176
20.7134
23.3005
25.3926
26.3055
26.1376
24.7477
24.1891
25.485
27.1354
28.0757
27.73
27.5532
27.5912
30.0833
34.2669
36.3501
38.5779
40.5534
41.0671
42.3477
41.243
36.9543
31.4061
28.7754
29.9232
28.9187
23.9949
22.3851
23.9633
26.177
25.7885
24.7991
21.5543
19.7979
21.4413
23.197
20.1505
17.6294
14.3871
11.7791
11.6551
15.0545
19.122
21.1729
22.0143
20.3234
18.5834
18.1122
17.5061
17.5385
17.6734
17.2015
15.9055
17.29
18.656
19.0907
17.1817
14.8454
14.1956
14.8992
15.0558
13.2621
10.4158
7.77952
6.79976
7.7019
10.0415
12.6204
14.2175
14.6515
14.444
14.376
15.1329
15.4335
14.6342
13.4115
12.1855
12.0987
10.6701
7.77212
7.38531
6.43161
5.78284
4.69569
6.20071
9.88594
12.8564
13.9506
13.6018
12.6837
11.9999
11.0092
10.3635
10.3546
11.1508
11.3937
10.8147
10.8413
10.3043
9.16738
8.1395
7.5753
7.53926
7.67166
6.96168
5.96831
5.70174
5.07409
4.22979
3.33619
3.3388
3.20261
3.13221
2.84551
1.90731
1.39071
1.80545
3.30228
4.60321
6.11367
7.12461
8.50604
9.72464
10.4968
11.2229
11.808
12.1289
12.8758
13.9355
14.5929
14.7005
14.6326
15.0575
16.057
17.2547
18.4632
19.7613
20.6426
21.431
22.1633
22.4614
22.4883
22.3079
21.862
20.647
18.8578
16.4923
14.2321
12.4717
10.886
9.41763
7.78054
6.35536
5.31971
4.31002
3.41012
2.62345
1.94693
1.23657
1.69097
3.30932
5.17776
6.93714
7.90983
8.47457
8.66072
8.29307
7.5811
6.98057
6.56648
6.22572
6.09975
5.6274
5.45448
6.00271
6.81447
8.2212
10.5468
12.8188
14.2018
14.765
14.6364
13.7185
12.3957
11.1462
10.3481
9.8821
9.26171
8.67807
8.27946
7.9681
7.76547
8.37255
9.93753
11.402
12.4967
13.2192
13.6638
13.6587
13.276
12.8291
12.2299
11.5517
10.8239
10.1286
9.09095
8.08706
7.51068
7.06412
6.6043
5.982
5.48638
5.47324
5.92135
6.54831
6.98205
7.12908
7.11165
6.71135
6.2544
5.84607
5.65935
5.46535
5.24741
5.05954
4.85972
4.6997
4.38979
4.18786
3.92597
3.68475
3.33833
3.15534
3.08982
3.22463
3.38341
3.42382
3.38562
3.39281
3.31932
3.20431
3.06965
3.14498
3.33513
3.70151
4.11639
4.411
4.65307
4.77149
4.91807
4.87013
4.73773
4.58165
4.37865
4.32514
4.20914
4.08276
3.70704
3.14082
2.48094
1.76644
1.14946
0.913659
1.05988
1.47362
1.93862
2.36934
2.70521
2.79553
2.84142
2.92535
3.10799
3.13261
2.97234
2.84105
2.89333
3.16466
3.53572
3.98597
4.36878
4.72235
4.90825
4.88877
4.82094
4.65715
4.42778
4.22314
3.93663
3.61813
3.29395
3.04535
2.92338
2.8875
2.86042
2.76742
2.60046
2.20743
1.80274
1.62183
1.73542
1.93237
2.20183
2.25553
2.26148
2.32203
2.29943
2.21142
2.01454
2.08653
2.39254
2.5607
2.76396
2.93516
3.15482
3.41334
3.54065
3.56467
3.47667
3.2213
2.90782
2.51048
2.21992
1.99987
1.81415
1.66732
1.42647
1.28718
1.4686
1.6412
1.73518
1.76729
1.75393
1.64408
1.40951
1.21076
1.03981
0.833271
0.710753
0.473145
0.204444
0.0323077
0.337763
0.525374
0.704456
0.903049
1.02649
1.14873
1.18431
1.21113
1.15369
0.961058
0.66456
0.420828
0.606254
0.88858
1.18085
1.40435
1.58957
1.63534
1.63781
1.64463
1.4724
1.37754
1.41754
1.32087
1.34805
1.2351
1.10366
1.01903
0.954083
0.87265
0.824621
0.764083
0.917751
1.1735
1.32872
1.29002
1.28881
1.17362
1.01327
1.05076
1.17066
1.22072
1.19134
1.15526
1.11888
1.12764
1.1869
1.25894
1.31418
1.35435
1.3491
1.20639
1.11145
0.992859
0.758213
0.54472
0.508984
0.506155
0.50848
0.590445
0.630576
0.864889
0.963639
1.14795
1.26209
1.33635
1.48342
1.40574
1.26551
1.04339
0.962467
0.878731
0.897539
0.714336
0.630786
0.503837
0.384945
0.347697
0.33902
0.354867
0.451471
0.541949
0.618742
0.604671
0.682491
0.667825
0.649722
0.553305
0.513882
0.53607
0.473065
0.502019
0.557387
0.663523
0.803173
0.842106
0.880043
0.853314
0.795138
0.786357
0.71202
0.632968
0.624583
0.535531
0.630646
0.494116
0.55945
0.54589
0.663437
0.597535
0.703602
0.647199
0.682885
0.683043
0.569102
0.530711
0.596553
0.53376
0.513086
0.548432
0.516758
0.533729
0.528633
0.526143
0.592342
0.585578
0.525206
0.481324
0.406933
0.435808
0.469016
0.516768
0.570408
0.53897
0.497387
0.481104
0.45737
0.40932
0.371264
0.419736
0.485638
0.54623
0.520661
0.558044
0.508809
0.574508
0.494723
0.508163
0.510219
0.538371
0.552022
0.538509
0.521493
0.573243
0.589751
0.633116
0.660245
0.711288
0.702692
0.76352
0.745154
0.759997
0.659688
0.620573
0.53492
0.48804
0.341254
0.29673
0.28293
0.430914
0.600483
0.643104
0.584176
0.540174
0.481492
0.422684
0.411511
0.364645
0.255887
0.0925372
0.107743
0.407091
0.643182
0.952971
1.12975
1.29564
1.41453
1.4117
1.35085
1.21442
1.10456
1.11585
1.04009
1.06491
1.18214
1.43
1.52389
1.59756
1.58582
1.66599
1.62457
1.4903
1.31109
1.09048
0.910105
0.630977
0.381024
0.0982969
0.314387
0.530405
0.741025
0.988555
1.22648
1.35357
1.48132
1.47661
1.46922
1.36057
1.3111
1.30809
1.35993
1.40609
1.34883
1.39592
1.37822
1.26402
1.28618
1.23732
1.1773
1.24445
1.13871
1.07085
0.990764
0.850359
0.827692
0.783484
0.783717
0.807391
0.829459
0.913387
1.0402
1.12558
1.2005
1.19286
1.18522
1.0923
1.05538
1.07345
1.18305
1.26609
1.33777
1.35104
1.41711
1.40368
1.34734
1.32511
1.21156
0.988818
0.84243
0.712824
0.64371
0.641279
0.687953
0.763421
0.806057
0.872356
0.924196
1.02651
1.12519
1.25434
1.32299
1.39742
1.40293
1.42381
1.38388
1.34842
1.30868
1.25083
1.13847
1.05595
0.972962
0.856847
0.737362
0.60068
0.46089
0.288855
0.183911
0.129843
0.162701
0.257296
0.313167
0.419294
0.356385
0.431298
0.41817
0.232465
0.171484
0.073344
0.0284111
0.158308
0.226182
0.152495
0.186752
0.23807
0.247538
0.222384
0.284733
0.233293
0.146522
0.119808
0.0628722
0.023807
0.125033
0.245604
0.190838
0.283164
0.325033
0.351644
0.380522
0.415795
0.379266
0.333781
0.310798
0.269004
0.2749
0.262783
0.331234
0.264532
0.306825
0.417486
0.430299
0.470839
0.524533
0.539687
0.58318
0.524169
0.606716
0.574193
0.487823
0.330446
0.304884
0.151728
0.119014
0.190211
0.227122
0.333578
0.261185
0.271026
0.280186
0.268132
0.232593
0.195728
0.161877
0.183324
0.183516
0.231274
0.216812
0.233084
0.174413
0.170376
0.107964
0.115563
0.0956225
0.0564695
0.119795
0.130052
0.04928
0.170348
0.165222
0.188061
0.175224
0.197273
0.183491
0.176414
0.194603
0.155577
0.234302
0.216394
0.260875
0.178748
0.22307
0.17057
0.100962
0.0276097
0.00861767
0.0201362
0.0850665
0.0685979
0.146606
0.185315
0.204148
0.251516
0.271212
0.305505
0.248471
0.230415
0.264826
0.240918
0.229143
0.240227
0.255017
0.236567
0.241999
0.204238
0.224444
0.203065
0.220867
0.181188
0.24878
0.253805
0.180549
0.137046
0.18681
0.0748245
0.0519767
0.121844
0.110182
0.113275
0.154534
0.207994
0.190749
0.192868
0.173702
0.192556
0.177099
0.243193
0.195863
0.1681
0.204844
0.145985
0.100215
0.141699
0.106569
0.143974
0.100983
0.17009
0.170696
0.243948
0.259702
0.29284
0.298074
0.370105
0.364488
0.36168
0.368979
0.297146
0.288162
0.251772
0.215307
0.214539
0.190317
0.284048
0.259901
0.267723
0.271569
0.257913
0.240397
0.252864
0.152408
0.139314
0.150419
0.0425734
0.0317834
0.0278856
0.0376374
0.0549765
0.0980153
0.113478
0.119998
0.13053
0.157552
0.203157
0.133297
0.191036
0.213952
0.200425
0.180333
0.155868
0.14662
0.163498
0.0679423
0.0981919
0.0643191
0.098764
0.0704907
0.094967
0.0423186
0.0810701
0.119726
0.134006
0.159883
0.166125
0.160493
0.102086
0.150511
0.159464
0.106687
0.184596
0.178873
0.195275
0.293861
0.253675
0.23932
0.281277
0.245449
0.295313
0.244891
0.27966
0.217097
0.184699
0.2123
0.23641
0.197818
0.191363
0.147909
0.214897
0.225534
0.125465
0.147971
0.138992
0.167352
0.119476
0.117175
0.0814748
0.116131
0.109644
0.046992
0.06359
0.118515
0.0281197
0.0909544
0.0877539
0.0500968
0.0410767
0.0701451
0.083991
0.0247367
0.0871378
0.0976815
0.0822358
0.0707679
0.0987655
0.116836
0.088061
0.0979965
0.10858
0.0887582
0.10481
0.0951045
0.080144
0.0781761
0.0191175
0.0785737
0.0414181
0.0134896
0.0477312
0.0570224
0.03382
0.0132257
0.0744186
0.056685
0.102129
0.0670226
0.0708947
0.0578388
0.0556079
0.038
0.0518898
0.0123145
0.0100971
0.0507601
0.0434303
0.0208278
0.0354168
0.0496815
0.0596047
0.0497812
0.0802792
0.0889225
0.0682957
0.0187701
0.0368947
0.105021
0.0728083
0.12698
0.102825
0.0746596
0.0831969
0.0384749
0.0619241
0.0178463
0.061893
0.0184429
0.0636849
0.0792394
0.0446102
0.0217071
0.0396168
0.0312169
0.0497426
0.0772551
0.0268204
0.0485295
0.068859
0.064612
0.0242211
0.0412518
0.0130131
0.0413232
0.00290596
0.046393
0.0140541
0.019737
0.0283942
0.0639223
0.0637018
0.029179
0.0440237
0.0412508
0.057631
0.0150587
0.0251902
0.0648813
0.0219092
0.0339647
0.0348158
0.0498094
0.016038
0.022386
0.0289589
0.0373547
0.0472278
0.0371228
0.0440874
0.0251309
0.0488086
0.0377597
0.0625121
0.0414096
0.0630384
0.0589775
0.0486144
0.0359476
0.0537757
0.00504437
0.0263369
0.0691335
0.0264877
0.0654927
0.0458994
0.0122746
0.0501104
0.00857334
0.0328242
0.01095
0.0118535
0.0397082
0.0282744
0.0565232
0.0493193
0.0716218
0.0418547
0.0439649
0.0322532
0.0416873
0.0344372
0.0328822
0.0653801
0.00722969
0.0131335
0.069694
0.0603453
0.0634591
0.0493381
0.0298263
0.0482293
0.045793
0.0147009
0.023779
0.0298226
0.0162966
0.0521626
0.0259628
0.0485701
0.0390116
0.0220074
0.0255854
0.0460471
0.0723125
0.0101793
0.036846
0.00843322
0.0704926
0.0164572
0.00593978
0.0215844
0.0214654
0.0661298
0.0161053
0.0167355
0.0203422
0.0560372
0.0348567
0.0279232
0.0370509
0.0484322
0.0621148
0.0551619
0.0549854
0.0186257
0.0382624
0.0320495
0.0231503
0.0347051
0.0249311
0.0111775
0.00430747
0.0301352
0.0507317
0.00622877
0.0430409
0.0448229
0.0575578
0.0566038
0.0177918
0.0690587
0.0416663
0.0112168
0.02224
0.0512676
0.0178339
0.0105146
0.0448533
0.0183542
0.0166257
0.0437539
0.044918
0.0226119
0.0448382
0.051713
0.0141107
0.0381095
0.0210439
0.0146031
0.0111751
0.0833509
0.0446388
0.0218719
0.0290339
0.02468
0.0558312
0.0411163
0.0629696
0.0380498
0.0377198
0.0324671
0.0188142
0.0377174
0.0314665
0.0330565
0.0387827
0.0427324
0.0481454
0.0164059
0.0278702
0.0135521
0.0132302
0.0465281
0.0656395
0.0228606
0.0327124
0.0240223
0.0142634
0.0365565
0.0557436
0.0369283
0.0124255
0.0483187
0.0277664
0.023157
0.0325397
0.0487317
0.0180883
0.0202077
0.0190361
0.0321579
0.0107842
0.0285152
0.0265193
0.042933
0.0427327
0.0534143
0.0151124
0.0383007
0.0181825
0.034728
0.0342778
0.0162841
0.0585366
0.0117639
0.0287307
0.0200434
0.00850345
0.0478524
0.0505377
0.0299067
0.0368228
0.0295286
0.00954949
0.0252054
0.0258315
0.0462345
0.0183893
0.02645
0.0498149
0.0262988
0.0313618
0.0344376
0.0909146
0.0277847
0.0486854
0.0302697
0.00690977
0.00423406
0.0182127
0.0360136
0.043048
0.0380665
0.00719695
0.0160984
0.0257192
0.0410472
0.053003
0.00708921
0.0472116
0.00678355
0.0761369
0.0260369
0.0383603
0.0486513
0.0291125
0.0205228
0.0410155
0.0219381
0.0128446
0.0189428
0.0195181
0.0136427
0.0645052
0.0359375
0.0443786
0.0314103
0.013877
0.0168493
0.0200871
0.0274978
0.0343923
0.027369
0.0150269
0.0118724
0.0215116
0.0529615
0.0288868
0.0135583
0.0277262
0.0224639
0.0358166
0.0216881
0.00500244
0.0212656
0.016559
0.0190718
0.0401876
0.019344
0.0143322
0.0371865
0.036673
0.0472945
0.0333245
0.011867
0.0425299
0.0137852
0.0195343
0.0328756
0.0728217
0.0632158
0.0223573
0.01549
0.0329488
0.0245996
0.0246878
0.0561584
0.0397799
0.0364966
0.0284273
0.0350234
0.0366515
0.0269221
0.0215939
0.0329538
0.0429084
0.0211707
0.00897257
0.0626192
0.0193807
0.0209655
0.0451548
0.0127713
0.0103348
0.0233225
0.0252013
0.000983047
0.0284736
0.024594
0.0144674
0.0165162
0.0314979
0.0192573
0.0587771
0.0192906
0.0422838
0.021114
0.0142803
0.0454237
0.0576967
0.00256571
0.0159396
0.0143143
0.0623987
0.0259116
0.0319278
0.0384761
0.0401549
0.0159315
0.0343916
0.0419407
0.0545742
0.0252067
0.0160426
0.0220707
0.0326697
0.017241
0.0397574
0.0177179
0.0325684
0.0218669
0.0123164
0.0152306
0.0202849
0.0319647
0.0387842
0.0125871
0.00215377
0.0489318
0.0192513
0.0250995
0.0324035
0.0107281
0.0282085
0.0305733
0.039262
0.0225839
0.00462286
0.00729038
0.0177594
0.03915
0.00865552
0.0131079
0.0248715
0.0208953
0.0202432
0.0229223
0.0244546
0.00698878
0.0173998
0.0315483
0.048422
0.0383112
0.0421183
0.0195868
0.0158177
0.00550292
0.0255952
0.0308782
0.0229184
0.00997534
0.0153439
0.0261977
0.0238869
0.0186867
0.0382097
0.0303517
0.029075
0.0140097
0.0571837
0.029099
0.0611834
0.0167003
0.0309318
0.0364334
0.0195401
0.0446447
0.00311639
0.0255737
0.0132632
0.0146904
0.0210455
0.022903
0.0339938
0.0228859
0.0390903
0.0217733
0.0129883
0.0389552
0.00461494
0.00360203
0.0363738
0.0158882
0.00392886
0.0173499
0.018573
0.0271136
0.00956979
0.0219485
0.0197868
0.0394716
0.00866005
0.0268381
0.0137263
0.0326567
0.0463169
0.0215578
0.0163725
0.0279055
0.022415
0.0200487
0.0426441
0.0393116
0.0264775
0.0113044
0.0317101
0.00992723
0.0256668
0.00863522
0.0439522
0.00893696
0.0129415
0.0266565
0.0121989
0.00971847
0.0406099
0.0226131
0.0331641
0.0124444
0.021732
0.046117
0.002848
0.0150928
0.0291768
0.0139699
0.0336989
0.0148894
0.0100476
0.0184723
0.0297896
0.0283887
0.00843293
0.0288395
0.009729
0.00550256
0.0136544
0.00261704
0.0208158
0.00724694
0.0131098
0.0222295
0.00821782
0.0204162
0.00967729
0.0136875
0.0156306
0.0226443
0.00226088
0.0201719
0.0258908
0.00738258
0.0114402
0.0143847
0.0102341
0.0146991
0.00185331
0.0129684
0.00992954
0.0266466
0.0195975
0.016751
0.00915801
0.025712
0.0116706
0.0112156
0.00722086
0.00304298
0.0301673
0.0154937
0.00614036
0.0268368
0.00765047
0.00140948
0.0174981
0.0163895
0.00833843
0.00914977
0.0129303
0.00994371
0.0260575
0.00271657
0.0027937
0.0118146
0.0204957
0.0128649
0.0180082
0.0168801
0.0129979
0.0295067
0.00877031
0.0103857
0.00757584
0.00518504
0.0168593
0.0141625
0.00774461
0.0158354
0.0120408
0.0093223
0.0134905
0.00966464
0.0113865
0.00202237
0.00275353
0.00756322
0.0146071
0.0104913
0.0162858
0.0073503
0.00958438
0.00346659
0.00232381
0.00404828
0.00850834
0.0096177
0.004454
0.00550188
0.0171112
0.00479561
0.0036615
0.00749077
0.0196747
0.0031858
0.00619524
0.00451717
0.00578097
0.00747864
0.0169829
0.0158366
0.0054486
0.0134129
0.00899795
0.00155367
0.00372776
0.00425808
0.00398904
0.0036555
0.00550137
0.00787218
0.010069
0.0169906
0.00644392
0.00209333
0.00153098
0.0184955
0.0122068
0.00928847
0.0109248
0.0103632
0.00484192
0.00459605
0.00540721
0.00975706
0.00741008
0.00244449
0.00581131
0.00370131
0.00161395
0.0103023
0.00419339
0.00870201
0.00960588
0.00515827
0.00934373
0.00419936
0.00747492
0.00504276
0.000668688
0.00532654
0.00416052
0.00136828
0.00209226
0.000259146
0.00421716
0.00342044
0.00778653
0.00199761
0.00777012
0.00350688
0.00478563
0.00811864
0.00880456
0.00181535
0.00763079
0.00254499
0.0014044
0.013979
0.000438391
0.00522514
0.00403074
0.00353066
0.00498665
0.00237089
0.0106534
0.00226662
0.00632438
0.00378092
0.00534084
0.00157087
0.00659257
0.00680375
0.00803061
0.00793708
0.00833949
0.0106658
0.0101153
0.00553681
0.00874318
0.00334515
0.0033552
0.00367965
0.00771185
0.00823652
0.00339883
0.00888937
0.0081963
0.00484468
0.00967319
0.00724869
0.003399
0.00519896
0.00208477
0.00292351
0.0033813
0.00431995
0.00522803
0.0109923
0.00144367
0.00451164
0.00347931
0.00740133
0.00528904
0.00489381
0.00372433
0.00639328
0.0142408
0.0127752
0.00643435
0.00910534
0.00321015
0.00680596
0.0053786
0.0039007
0.00994195
0.00533114
0.0100272
0.012179
0.00577046
0.00504806
0.00336067
0.00427947
0.00964461
0.00570175
0.00289988
0.00412601
0.00705393
0.00401627
0.00283115
0.00388701
0.00607968
0.00500991
0.00960657
0.00378728
0.0114148
0.001612
0.00825364
0.00681463
0.00274154
0.00884195
0.0032352
0.00440491
0.00302215
0.00485674
0.00347881
0.00483144
0.0108365
0.00762949
0.00461736
0.00450772
0.00766378
0.00259943
0.00423491
0.00593288
0.00479973
0.000315028
0.00753196
0.00315356
0.00688827
0.00431337
0.0087314
0.00352075
0.0116642
0.00619947
0.00970923
0.000667586
0.00482009
0.0040363
0.0026899
0.00689562
0.0089357
0.00601483
0.00465924
0.00377776
0.00364927
0.00432848
0.00211822
0.00485799
0.0106281
0.00883478
0.00482393
0.00229627
0.00450435
0.0105797
0.0041821
0.00329946
0.00434524
0.00514638
0.00675158
0.00280821
0.00538245
0.00784608
0.00533372
0.00458791
0.00651661
0.00726272
0.00726765
0.00747861
0.00775382
0.00534448
0.0103726
0.00714695
0.00223021
0.00602115
0.00658979
0.00584168
0.00579475
0.00331941
0.00532032
0.00524144
0.00574054
0.00328906
0.00442862
0.000986058
0.00582091
0.00265039
0.0025457
0.00362736
0.00757678
0.0100897
0.006479
0.0103292
0.00349021
0.00416455
0.00423445
0.00602627
0.00881526
0.00200102
0.00501173
0.00396282
0.00998157
0.00542323
0.00651603
0.00267743
0.0104994
0.00695191
0.00123071
0.00600661
0.00375252
0.0111743
0.00348909
0.00452038
0.00169786
0.00801883
0.00570176
0.00352843
0.00383435
0.00264043
0.0103612
0.00485584
0.00917343
0.00650768
0.00356378
0.00258324
0.00295516
0.00644009
0.000773617
0.00422067
0.00385423
0.00711921
0.00525088
0.00574563
0.00296565
0.00657889
0.00429432
0.00460881
0.00764462
0.00181704
0.00598031
0.00882179
0.00586317
0.00774671
0.00525914
0.00816162
0.00889754
0.0051437
0.00433413
0.00663597
0.00907706
0.00551886
0.00583301
0.0081091
0.00487483
0.00276677
0.00366271
0.00457216
0.00975496
0.00430411
0.00231242
0.00516204
0.00832104
0.0112669
0.00506197
0.00216273
0.00411787
0.00378085
0.0037834
0.00431696
0.0061047
0.00852499
0.00642722
0.0033999
0.00417287
0.00434952
0.00101075
0.00902658
0.00730314
0.0109052
0.00359131
0.0077654
0.00381083
0.00520507
0.00520581
0.00732632
0.000640464
0.00423178
0.00359001
0.0040536
0.00165578
0.00765494
0.00480377
0.00334712
0.00947331
0.0105833
0.00535707
0.00258149
0.0063233
0.00529916
0.00155622
0.00160726
0.00798345
0.00332987
0.00674617
0.00886853
0.00104183
0.0112178
0.00446861
0.0111346
0.00446677
0.00601976
0.00434885
0.00305291
0.00406915
0.00454682
0.00452705
0.00176652
0.00538018
0.00953317
0.00428
0.00502184
0.00678687
0.00654161
0.0117214
0.00700314
0.00794231
0.00798093
0.00402885
0.00634096
0.00603904
0.00264576
0.0113244
0.00767458
0.0103589
0.0137875
0.00471044
0.00472654
0.00489741
0.00403674
0.00828546
0.00413326
0.0052315
0.00237545
0.0124445
0.00605321
0.00421736
0.0026846
0.00402006
0.00274078
0.00394901
0.0026077
0.00672417
0.00835591
0.00546392
0.00739109
0.00972701
0.00443859
0.00747871
0.00803199
0.00387956
0.00366381
0.00397663
0.00902939
0.00603223
0.0115012
0.01167
0.00816792
0.00763434
0.00808238
0.00806196
0.00516925
0.00116069
0.00437373
0.00505658
0.00535989
0.00170544
0.0110226
0.0025115
0.00525543
0.0031259
0.00442375
0.00476217
0.000699437
0.0135383
0.00110194
0.00231463
0.00744569
0.00174556
0.00851506
0.00800474
0.00471379
0.00376021
0.00751205
0.00144088
0.00745743
0.00357143
0.00418729
0.00087086
0.00192042
0.00163612
0.00414305
0.00436156
0.00097088
0.00301333
0.00683911
0.00483856
0.00905691
0.00450084
0.00978795
0.00782731
0.00399377
0.0109695
0.00226354
0.0037947
0.00611389
0.00192784
0.00883532
0.00951766
0.00567928
0.00438404
0.00396966
0.0106449
0.0106219
0.00906054
0.0107348
0.0198962
0.000758941
0.00229628
0.00653773
0.017043
0.00902876
0.00784553
0.00522143
0.00248379
0.00458195
0.00509715
0.00378925
0.002309
0.0080913
0.0133878
0.00415268
0.0167113
0.0181314
0.00870746
0.00518503
0.00484342
0.00612376
0.0023066
0.0178641
0.00678257
0.00343857
0.00494699
0.0166156
0.00616421
0.00584828
0.0107976
0.00906977
0.00469998
0.00275203
0.00272601
0.010016
0.00722624
0.0124189
0.0109455
0.0149161
0.00756238
0.00284354
0.00163527
0.00975264
0.00968441
0.0131957
0.00893995
0.0120626
0.0162912
0.00889027
0.0136574
0.0163441
0.00506702
0.00841961
0.0095901
0.00898597
0.0288811
0.0129325
0.0167612
0.0181422
0.0136885
0.0201392
0.0100593
0.00286231
0.00268822
0.0252048
0.011324
0.0119917
0.00888308
0.00722332
0.0170657
0.0160539
0.0014114
0.00712049
0.026975
0.00561263
0.0148957
0.0304642
0.00266696
0.0064463
0.0120738
0.0112635
0.0256515
0.0093757
0.0171464
0.0198194
0.0265677
0.00954202
0.0136749
0.00143301
0.0148792
0.0101712
0.0142758
0.0132919
0.00697074
0.0263805
0.0199923
0.00252499
0.0228866
0.014532
0.0127595
0.00828112
0.0198413
0.00697472
0.0219382
0.0114956
0.00822971
0.0219022
0.00237808
0.0156062
0.00427918
0.00966366
0.0284068
0.0093505
0.0288719
0.0300753
0.0170053
0.0100775
0.0155534
0.0337837
0.0149874
0.0297083
0.0151861
0.00301896
0.0454238
0.0224917
0.0119579
0.0339272
0.0236211
0.0412417
0.00999423
0.0113301
0.0267857
0.0132618
0.0102167
0.0435269
0.0113963
0.0255101
0.0109556
0.0316024
0.0127475
0.026934
0.0395139
0.0438501
0.0206298
0.0226441
0.028204
0.0169266
0.0218051
0.0466402
0.0330507
0.01396
0.0269401
0.00833974
0.0392244
0.0198771
0.0196871
0.0104708
0.0280869
0.0165545
0.0164999
0.00485411
0.0169974
0.0342639
0.0054749
0.00499724
0.0393393
0.0133534
0.0228546
0.0389221
0.0248899
0.0318433
0.0240714
0.0202463
0.0142829
0.0134716
0.0244732
0.00380808
0.0431967
0.0202972
0.0365707
0.0313332
0.0155693
0.0609883
0.0289508
0.0571963
0.0131069
0.0266179
0.0310842
0.0368831
0.0187644
0.0244759
0.0262853
0.01592
0.0099381
0.0227733
0.030731
0.0248101
0.00508757
0.015986
0.0193805
0.0418493
0.0385851
0.0469966
0.0321349
0.0178392
0.00702139
0.0241361
0.0227659
0.0205666
0.0211266
0.0243614
0.0133155
0.00806145
0.0387257
0.0171733
0.00784083
0.00388745
0.0222965
0.0397425
0.0304124
0.0288997
0.00830489
0.0321852
0.0244602
0.0198794
0.0498925
0.00138852
0.0132963
0.0387009
0.0321593
0.0200717
0.0149455
0.0122722
0.0203153
0.0324057
0.0206123
0.0407999
0.0182933
0.0332232
0.0224813
0.0149921
0.0248077
0.0537462
0.0417765
0.0342299
0.0168748
0.0416524
0.0382566
0.0297096
0.0275155
0.0634502
0.0140888
0.0147709
0.00130365
0.0562836
0.0458318
0.0135226
0.022352
0.0424698
0.0206103
0.0591747
0.0180646
0.0307981
0.0168043
0.0139386
0.0249649
0.0273928
0.000999884
0.0249041
0.0232517
0.011039
0.0128126
0.0456029
0.0217525
0.0195725
0.061767
0.0097061
0.0208623
0.0429798
0.0320714
0.0212442
0.0264395
0.0355668
0.0357632
0.0304009
0.0378805
0.0382564
0.0547848
0.0252334
0.0248321
0.0339123
0.0169869
0.023148
0.0631479
0.06988
0.0342977
0.0204993
0.0149009
0.0433373
0.0119709
0.0327443
0.0468003
0.0382213
0.038038
0.013892
0.0194955
0.0393327
0.0191656
0.0156128
0.0226831
0.00466061
0.0223924
0.0355562
0.0213613
0.0278192
0.0129471
0.028922
0.0539424
0.0223276
0.0125609
0.0162133
0.0269398
0.0340621
0.0297838
0.0191315
0.0178922
0.0132703
0.0312923
0.0445594
0.0361708
0.0644987
0.0141206
0.0194913
0.0190736
0.0130818
0.021156
0.0418639
0.0206814
0.0292142
0.0477888
0.0385856
0.0265415
0.0761259
0.00816557
0.0475851
0.00637576
0.0533009
0.0422896
0.0255603
0.0155691
0.00835792
0.0363391
0.043225
0.0360498
0.0183368
0.00400334
0.00816486
0.0326159
0.0484734
0.0270306
0.0913386
0.0345253
0.0317216
0.0263147
0.0492352
0.0258677
0.0191922
0.046512
0.0254365
0.0247183
0.0097776
0.031358
0.0387083
0.0315204
0.0490112
0.0464709
0.00679244
0.0210284
0.0277094
0.0108125
0.057353
0.0150959
0.0322885
0.0355515
0.0182766
0.0374407
0.0146395
0.0525964
0.0426267
0.0427425
0.0264808
0.0280289
0.0111558
0.0317151
0.0193084
0.0192546
0.0180609
0.0495185
0.0316578
0.0234011
0.0288591
0.0489763
0.0129427
0.0354105
0.0558487
0.0379756
0.0129123
0.02265
0.0313614
0.0216753
0.0643584
0.0465946
0.0138147
0.0145665
0.0291839
0.0160135
0.0488833
0.0411416
0.0382541
0.0327872
0.0320762
0.0379092
0.0181577
0.0332241
0.0371263
0.0383057
0.0624942
0.0419614
0.0552593
0.0241904
0.0287547
0.0216054
0.0444306
0.0819963
0.0116889
0.0149814
0.0246028
0.0382848
0.0157923
0.0513535
0.0443443
0.0224952
0.0455476
0.0441498
0.0164445
0.018432
0.045567
0.0116343
0.0172584
0.0514561
0.0220143
0.0115108
0.0419439
0.0691931
0.0179634
0.0565339
0.0576894
0.0446754
0.0433992
0.00605675
0.0501462
0.0297807
0.00444937
0.0115895
0.0249642
0.0349143
0.0223283
0.031646
0.0382807
0.0180688
0.053571
0.0548364
0.0615594
0.0482573
0.0375866
0.0292164
0.035362
0.0527295
0.0184054
0.0163071
0.0147947
0.0675513
0.0213346
0.0215615
0.00625085
0.0162872
0.0699421
0.00946219
0.0360594
0.0110445
0.0736306
0.044186
0.0234973
0.023113
0.0400485
0.0511931
0.0252045
0.0529349
0.0150411
0.0317278
0.0244195
0.0155798
0.0454232
0.0480726
0.0297215
0.0486321
0.0619739
0.0612216
0.0693762
0.0136326
0.00484015
0.0660686
0.0327631
0.0350863
0.0421248
0.0325976
0.0437823
0.0417192
0.0716138
0.0494736
0.05614
0.0283262
0.0396228
0.0107239
0.0107728
0.033277
0.00770198
0.0499855
0.0117224
0.0479394
0.0696234
0.0276346
0.0691482
0.0259796
0.00780408
0.0524802
0.0358585
0.0501978
0.0600251
0.0607431
0.041064
0.0633733
0.0385663
0.0478124
0.0253026
0.0444334
0.0380418
0.0479702
0.03693
0.0284871
0.021859
0.0164423
0.0480137
0.0342363
0.0334903
0.0233039
0.0649263
0.0247261
0.0144466
0.0566362
0.0408467
0.0431836
0.0292076
0.0642457
0.0637153
0.0280993
0.0201291
0.0133293
0.0455919
0.00231615
0.0415011
0.0128626
0.0404023
0.0238867
0.0645467
0.0686947
0.0486823
0.0274349
0.0778693
0.0489733
0.0312956
0.0387395
0.0219017
0.0441216
0.0788275
0.0640544
0.0182055
0.0618404
0.0187964
0.0623465
0.0389641
0.0830854
0.0749648
0.102357
0.128224
0.0741492
0.10321
0.0363538
0.0195351
0.0694694
0.0892533
0.0802978
0.0499526
0.0595438
0.0485004
0.0361247
0.0208712
0.0432887
0.0510952
0.00990116
0.0111256
0.0522482
0.0400492
0.0562957
0.052589
0.0725076
0.066886
0.101092
0.0567635
0.0734885
0.0122724
0.0330147
0.0576734
0.0469327
0.0134041
0.0408342
0.077604
0.0201511
0.0778124
0.0802786
0.0945862
0.104119
0.0884998
0.108519
0.0986533
0.0874478
0.116279
0.0984268
0.0712705
0.0822379
0.0976237
0.0866709
0.0248564
0.0849889
0.0701349
0.0410626
0.0502036
0.087803
0.0904066
0.0275363
0.116137
0.061985
0.0461153
0.110239
0.115372
0.0813
0.117998
0.119577
0.168623
0.138251
0.150019
0.127113
0.225402
0.215755
0.147421
0.191304
0.198659
0.236302
0.212018
0.184588
0.21749
0.279823
0.243319
0.2947
0.245347
0.281334
0.238727
0.25318
0.292699
0.197023
0.179323
0.185012
0.105623
0.158656
0.152977
0.10223
0.16086
0.166711
0.158967
0.13403
0.121152
0.0802967
0.0416258
0.0931754
0.0714852
0.0986264
0.0650539
0.0981306
0.0680694
0.163697
0.14584
0.155402
0.1806
0.201502
0.214581
0.19248
0.133469
0.202819
0.156279
0.131483
0.121054
0.112667
0.0978256
0.054362
0.0375033
0.0268098
0.0335712
0.0421489
0.150275
0.142944
0.153534
0.253157
0.241034
0.257336
0.271163
0.266558
0.259327
0.283037
0.190755
0.214773
0.214198
0.251763
0.288895
0.299054
0.368198
0.362433
0.364679
0.3699
0.298552
0.292189
0.260731
0.244498
0.170578
0.167846
0.101875
0.1451
0.108891
0.142672
0.10034
0.14535
0.204089
0.168688
0.196008
0.24328
0.177065
0.191051
0.174488
0.193474
0.190069
0.20823
0.154635
0.113252
0.10929
0.121835
0.0516188
0.0747687
0.185797
0.136862
0.181052
0.253872
0.24809
0.180053
0.22114
0.203383
0.2236
0.204858
0.241314
0.236286
0.254794
0.239515
0.227821
0.241655
0.265663
0.230859
0.249102
0.304429
0.270974
0.251621
0.204384
0.182959
0.145659
0.0703877
0.0849043
0.0211232
0.00803796
0.0276479
0.100092
0.170605
0.22278
0.178353
0.260199
0.215625
0.235233
0.156422
0.194097
0.176974
0.183959
0.197389
0.175195
0.187252
0.166113
0.170503
0.0487845
0.129786
0.119
0.0563591
0.0950015
0.115965
0.108856
0.170489
0.173859
0.232824
0.217226
0.231139
0.184105
0.183481
0.16262
0.196691
0.23286
0.267501
0.280943
0.269856
0.263868
0.333617
0.227939
0.190021
0.119252
0.153135
0.30459
0.329478
0.489658
0.575001
0.607147
0.5249
0.581653
0.538662
0.523591
0.471398
0.429652
0.418581
0.306369
0.26509
0.330298
0.263841
0.274272
0.269773
0.310496
0.334701
0.380065
0.415873
0.381326
0.352201
0.321949
0.27972
0.189107
0.246209
0.124909
0.0231277
0.0601786
0.118502
0.147172
0.234791
0.288778
0.222884
0.246104
0.237652
0.184966
0.152008
0.225065
0.158911
0.0280705
0.0735437
0.171388
0.232431
0.417927
0.431903
0.356761
0.418306
0.312196
0.255838
0.16263
0.131801
0.186827
0.289032
0.462076
0.60156
0.736755
0.856433
0.972966
1.05675
1.13887
1.2519
1.30915
1.34624
1.38423
1.4229
1.40266
1.39705
1.32427
1.25399
1.12532
1.02727
0.924392
0.87112
0.805921
0.763586
0.68562
0.642683
0.642898
0.713121
0.841998
0.988971
1.21106
1.32338
1.34626
1.40344
1.4176
1.35286
1.33759
1.26666
1.18262
1.07425
1.05725
1.09462
1.18698
1.19415
1.19954
1.12612
1.04133
0.912466
0.830101
0.808017
0.78317
0.783826
0.82714
0.850775
0.990509
1.07017
1.13814
1.24369
1.1775
1.23706
1.2857
1.26205
1.37723
1.39513
1.34857
1.40648
1.36046
1.30761
1.31063
1.35828
1.46945
1.47693
1.48149
1.35553
1.22663
0.989699
0.740855
0.528763
0.313545
0.0985515
0.381481
0.631605
0.910015
1.08989
1.31121
1.48977
1.62476
1.66627
1.58602
1.59759
1.52479
1.42984
1.18149
1.06377
1.03907
1.11784
1.10424
1.21506
1.35068
1.41084
1.4144
1.29633
1.13117
0.953091
0.638076
0.407992
0.10865
0.0918226
0.25571
0.364494
0.411496
0.421691
0.480741
0.539515
0.584188
0.643774
0.600588
0.431087
0.282845
0.29587
0.339698
0.485298
0.531352
0.619697
0.660075
0.761865
0.745261
0.76242
0.702234
0.710881
0.659658
0.633417
0.590572
0.573044
0.521871
0.537435
0.550199
0.538484
0.510345
0.506947
0.494929
0.576011
0.50986
0.558353
0.5203
0.546263
0.484857
0.421491
0.372095
0.409103
0.456433
0.482635
0.497257
0.538057
0.569817
0.516519
0.469547
0.436104
0.410262
0.482226
0.524022
0.586548
0.592638
0.526135
0.530193
0.533279
0.518153
0.54826
0.511298
0.533599
0.599242
0.531827
0.5686
0.68353
0.683043
0.647541
0.704359
0.597726
0.662634
0.546906
0.558599
0.494664
0.628419
0.53584
0.624398
0.63417
0.712873
0.787893
0.794163
0.852904
0.88071
0.841341
0.801845
0.662217
0.557402
0.501206
0.472668
0.534762
0.513155
0.554927
0.648687
0.669325
0.682456
0.604914
0.618973
0.542032
0.4512
0.354344
0.339166
0.348762
0.384982
0.504188
0.631757
0.715536
0.898039
0.878907
0.96324
1.04151
1.26527
1.40625
1.48095
1.33723
1.26306
1.14572
0.963147
0.864341
0.631038
0.591079
0.508853
0.506008
0.50774
0.543565
0.759101
0.993967
1.11241
1.20573
1.34855
1.355
1.31374
1.25875
1.18691
1.12804
1.11857
1.15726
1.19119
1.21996
1.17015
1.05075
1.01418
1.17344
1.29128
1.29033
1.32773
1.17291
0.914357
0.764416
0.826474
0.872666
0.953493
1.01855
1.10435
1.23557
1.34734
1.31933
1.41827
1.37736
1.47198
1.64312
1.63887
1.6354
1.58778
1.40498
1.18095
0.888988
0.607127
0.420839
0.662729
0.960083
1.15413
1.21172
1.18541
1.14926
1.02449
0.902399
0.703468
0.52448
0.336838
0.0322662
0.205147
0.47672
0.711065
0.83232
1.04065
1.2089
1.41034
1.64387
1.7529
1.76733
1.73595
1.64106
1.46918
1.28886
1.42716
1.66964
1.81444
2.0007
2.21924
2.51285
2.90847
3.22287
3.47908
3.56717
3.54082
3.41218
3.15555
2.93458
2.76037
2.5614
2.39321
2.08857
2.0127
2.2122
2.29796
2.32109
2.26074
2.25728
2.20093
1.93284
1.73523
1.6228
1.80273
2.20834
2.60079
2.76742
2.85718
2.88794
2.92413
3.04585
3.29556
3.61811
3.93814
4.22329
4.42826
4.6562
4.82075
4.88955
4.90889
4.7226
4.36763
3.98714
3.53497
3.16541
2.89477
2.84288
2.97265
3.1342
3.10902
2.92598
2.84041
2.79471
2.70393
2.36946
1.9388
1.47452
1.0613
0.912691
1.14874
1.76565
2.48124
3.14058
3.70563
4.08195
4.20827
4.32473
4.37941
4.58111
4.73684
4.87004
4.91887
4.76925
4.65325
4.40921
4.11679
3.70208
3.33418
3.14867
3.06992
3.20227
3.3201
3.39194
3.38584
3.42426
3.38218
3.22472
3.09151
3.15546
3.33812
3.68468
3.92733
4.18762
4.39311
4.70092
4.86031
5.06002
5.24993
5.46463
5.65999
5.8472
6.2526
6.71185
7.11162
7.12835
6.98228
6.54709
5.92266
5.47265
5.48926
5.98453
6.6055
7.0633
7.51109
8.08693
9.09194
10.13
10.8227
11.5512
12.2305
12.8308
13.2765
13.6599
13.6643
13.2183
12.4956
11.4019
9.93732
8.37433
7.76922
7.96814
8.27842
8.67849
9.26152
9.88391
10.3487
11.146
12.3965
13.7182
14.6374
14.7654
14.201
12.8204
10.5458
8.21759
6.8154
6.00221
5.45528
5.62433
6.09911
6.22739
6.56621
6.97979
7.58174
8.29316
8.6608
8.47426
7.90957
6.93621
5.17755
3.3106
1.69425
1.23763
1.94654
2.62359
3.41141
4.3108
5.32041
6.3537
7.78211
9.4215
10.8888
12.4727
14.2326
16.4923
18.8575
20.649
21.8627
22.3091
22.4893
22.4623
22.1623
21.4303
20.6431
19.7626
18.4636
17.2531
16.0551
15.0565
14.6324
14.7015
14.5934
13.9354
12.8746
12.1281
11.809
11.2236
10.4967
9.72491
8.50617
7.12426
6.11315
4.60181
3.30216
1.80615
1.39033
1.90647
2.84638
3.13193
3.20291
3.33903
3.33718
4.23013
5.07367
5.70197
5.96801
6.96109
7.67288
7.53842
7.5734
8.14319
9.16667
10.3025
10.8412
10.8141
11.3936
11.1503
10.3569
10.3646
11.0073
11.9963
12.6821
13.6011
13.9524
12.8571
9.88738
6.20053
4.69532
5.78376
6.43233
7.3846
7.77187
10.6706
12.0995
12.1865
13.4131
14.6344
15.4347
15.1304
14.3759
14.4433
14.6528
14.2166
12.62
10.0404
7.69991
6.80004
7.78076
10.416
13.2599
15.0554
14.9006
14.1952
14.8468
17.1812
19.0947
18.6569
17.2877
15.9056
17.2021
17.6742
17.5386
17.5074
18.1127
18.5835
20.3238
22.0146
21.1731
19.1214
15.055
11.6547
11.7784
14.3878
17.6287
20.1519
23.1967
21.4391
19.7981
21.5564
24.8008
25.7894
26.1775
23.9617
22.3865
23.9955
28.9196
29.9252
28.7755
31.4085
36.9553
41.2434
42.3472
41.0663
40.5529
38.579
36.3493
34.2655
30.0839
27.5925
27.5537
27.7303
28.0753
27.1352
25.4836
24.1889
24.7481
26.1374
26.3057
25.3917
23.3005
20.7127
17.5169
17.096
19.8871
20.4529
18.8238
17.0136
14.2785
11.9418
8.67167
7.9229
10.9065
16.633
21.5007
25.8346
27.7784
29.106
28.6501
26.9477
26.2602
25.5407
25.4308
25.3705
24.3391
24.2252
21.9478
21.6464
18.7831
16.2195
19.3144
22.9742
21.3487
16.9634
14.6872
15.8408
19.655
23.0192
27.3147
29.7995
34.3848
34.4884
33.3135
30.1866
24.2731
16.891
12.821
16.6338
17.4238
17.241
27.1422
39.2127
52.5117
61.0428
64.6268
68.387
73.7646
79.4388
83.9079
85.1198
79.042
69.3958
63.6219
64.2227
66.5503
72.1254
78.5224
84.4604
86.9112
85.4883
80.4493
75.0685
71.0589
67.4238
59.6392
49.307
36.0295
25.4263
17.739
12.7571
5.74626
2.49736
7.80739
12.5505
17.1663
21.5855
27.4047
32.6812
36.3945
39.1251
42.2948
44.8942
44.9254
42.5761
41.3441
41.8183
41.1218
41.8318
45.9228
52.0804
57.4766
60.9335
61.8452
60.5235
61.5743
65.1708
67.5344
68.0083
68.6531
71.4649
70.0836
64.9624
57.7755
50.7298
50.5801
55.1103
58.443
56.1405
52.2276
51.1161
48.4528
42.0111
33.1846
21.0794
12.5761
17.1553
28.9799
34.4354
36.0813
35.1095
39.0323
43.0804
48.4537
54.3806
65.6642
78.8101
92.6929
105.374
109.164
108.983
106.305
104.013
104.763
105.449
104.686
102.754
101.416
96.6376
93.5409
87.6425
81.8955
76.1035
65.6022
56.7762
48.8816
44.6512
41.4209
39.2406
36.3065
32.4707
28
23.8509
17.5672
11.9603
7.21809
6.61105
9.1406
13.7528
18.6516
25.7275
34.4311
39.5486
42.2043
40.5287
40.9784
43.1317
43.7761
43.173
42.0488
39.2222
33.5703
26.3565
24.5526
27.7859
27.5932
24.6367
23.474
23.4245
22.7611
23.3315
22.5924
20.2129
17.8044
13.3815
8.76921
6.98063
4.82013
4.56299
5.53087
4.05637
3.17507
7.24931
12.7296
16.265
20.0474
25.1003
29.3584
32.1241
35.2999
37.8175
39.8191
35.5796
31.7748
29.1801
26.919
24.6164
28.1908
38.8588
49.0592
54.523
54.6099
54.6211
52.7663
52.1575
54.4767
57.4278
56.494
52.595
49.2501
48.4267
48.7005
46.6126
39.1764
30.6888
23.4987
17.7048
14.1158
11.907
11.3894
10.9682
12.9459
18.4466
24.2799
26.8524
28.3031
25.7902
24.5548
26.6263
27.4458
29.0629
30.8203
31.1502
31.3386
31.6313
30.0299
27.6808
26.8645
26.0704
27.6048
31.6807
37.9573
41.6697
40.0544
33.8696
30.3449
29.7038
25.6529
19.6916
16.3272
17.2497
16.5032
13.2243
8.05528
12.7529
18.8826
19.0738
16.0612
14.3397
11.8131
8.70956
8.40158
9.22517
9.55249
9.40291
11.2692
12.5721
12.3322
10.3789
7.48914
6.51891
12.8082
22.8558
33.6875
41.4722
46.2092
46.7008
48.0708
49.8721
44.141
29.4164
24.5368
32.0367
29.0719
20.0226
18.3048
27.405
24.2719
11.3786
20.1738
33.7276
30.7295
18.0089
3.30895
13.1147
20.1998
16.8097
11.8242
15.1182
17.423
15.1826
13.9585
18.2779
18.2266
11.0761
6.73802
12.3128
13.8575
15.4437
20.0642
21.212
16.5897
20.2936
32.1679
34.8212
28.1472
13.9078
10.6747
15.4765
11.2098
18.8006
33.2618
37.4199
34.2427
30.3189
24.4447
12.7068
8.80009
19.9239
24.2186
19.9485
15.4044
20.3058
31.0513
37.2866
31.4695
18.0199
11.356
14.0113
16.4467
16.955
17.6185
23.1477
34.4083
46.1633
47.043
41.2113
35.4127
35.5016
39.5181
47.4241
51.6479
43.9966
29.538
29.1581
33.1186
31.0581
23.7242
14.0759
11.0719
21.4599
34.5859
36.1769
29.9338
18.9109
12.8706
13.8979
20.605
23.1662
22.5811
15.7085
11.3883
10.2022
10.1635
9.15429
7.72729
6.72608
6.91237
6.04231
3.07114
1.31633
1.38528
1.05443
0.576166
0.332796
0.247244
0.186418
0.0703455
0.0881054
0.070585
0.104297
0.114806
0.127302
