0 0
8.42655e-05 0
-0.000455089 0
8.42655e-05 0
0.00035408 0
0.00035408 0
8.42655e-05 0
-0.000724629 0
-0.000994169 0
-0.000455089 0
-0.000455089 0
8.42655e-05 0
-0.000185412 0
-0.000994169 0
8.42655e-05 0
-0.000724629 0
-0.000994169 0
0.00035408 0
-0.000724629 0
-0.000994169 0
8.42655e-05 0
-0.00126371 0
-0.000724629 0
0.00089316 0
0.00035408 0
-0.000185412 0
8.42655e-05 0
-0.000724629 0
-0.000994169 0
0.00035408 0
-0.000455089 0
-0.000185412 0
0.00062362 0
-0.000185412 0
8.42655e-05 0
-0.000185412 0
-0.000724629 0
0.00035408 0
-0.000455089 0
-0.000455089 0
0.00035408 0
-0.000185412 0
8.42655e-05 0
0.00089316 0
8.42655e-05 0
-0.000455089 0
0.00035408 0
-0.000185412 0
-0.000455089 0
8.42655e-05 0
-0.000994718 0
-0.000185412 0
0.00062362 0
-0.000724629 0
-0.000455089 0
8.42655e-05 0
-0.000185412 0
-0.000724629 0
-0.000455089 0
8.42655e-05 0
-0.000455089 0
-0.000455089 0
-0.000455089 0
-0.000724629 0
-0.000185412 0
0.00089316 0
-0.000455089 0
-0.000455089 0
0.00062362 0
8.42655e-05 0
8.42655e-05 0
8.42655e-05 0
-0.000185412 0
-0.000724629 0
-0.000185412 0
0.00062362 0
0.0011627 0
8.42655e-05 0
-0.000724629 0
0.00062362 0
0.00035408 0
8.42655e-05 0
0.00062362 0
0.00035408 0
8.42655e-05 0
0.00035408 0
0.00035408 0
-0.000994718 0
-0.000455089 0
8.42655e-05 0
-0.000185412 0
0.00062362 0
-0.000455089 0
-0.00180389 0
-0.000455089 0
0.00062362 0
0.00035408 0
8.42655e-05 0
0.00062362 0
8.42655e-05 0
-0.000185412 0
0.00035408 0
8.42655e-05 0
-0.000185412 0
0.00035408 0
0.00035408 0
-0.000185412 0
-0.000994718 0
-0.00126371 0
-0.000185412 0
8.42655e-05 0
-0.000455089 0
8.42655e-05 0
0.00062362 0
0.00035408 0
-0.000185412 0
0.00035408 0
0.00035408 0
-0.000185412 0
0.00062362 0
0.00035408 0
-0.000455089 0
0.00062362 0
-0.000185412 0
-0.000185412 0
0.00035408 0
8.42655e-05 0
0.00035408 0
8.42655e-05 0
-0.000724629 0
0.000353805 0
0.00062362 0
-0.000185412 0
-0.000185412 0
0.000353805 0
0.000353805 0
-0.000724629 0
8.42655e-05 0
0.000353805 0
-0.000455089 0
0.00062362 0
0.00062362 0
-0.000455089 0
8.42655e-05 0
0.0011627 0
-0.000455089 0
8.42655e-05 0
0.0011627 0
8.42655e-05 0
0.000353805 0
0.000353805 0
-0.000724629 0
8.42655e-05 0
8.42655e-05 0
8.42655e-05 0
0.00062362 0
-0.000185412 0
-0.000455089 0
-0.000185412 0
8.42655e-05 0
8.42655e-05 0
8.42655e-05 0
0.0011627 0
0.00062362 0
0.00035408 0
0.00089316 0
8.42655e-05 0
8.42655e-05 0
0.00035408 0
8.42655e-05 0
-0.000724629 0
-0.000994718 0
8.42655e-05 0
0.00062362 0
-0.000455089 0
-0.0015338 0
-0.000724629 0
0.0011627 0
0.00035408 0
-0.000185412 0
8.42655e-05 0
8.42655e-05 0
8.42655e-05 0
8.42655e-05 0
0.00062362 0
-0.000185412 0
8.42655e-05 0
0.00089316 0
-0.000724629 0
-0.000994718 0
-0.000185412 0
8.42655e-05 0
-0.000185412 0
-0.000994718 0
-0.000455089 0
0.00062362 0
0.00035408 0
-0.000455089 0
-0.000455089 0
-0.000185412 0
-0.000185412 0
-0.000724629 0
-0.000994718 0
8.42655e-05 0
0.00062362 0
-0.000185412 0
0.00062362 0
0.00035408 0
-0.000455089 0
8.42655e-05 0
-0.000185412 0
-0.000185412 0
0.00089316 0
8.42655e-05 0
-0.000455089 0
-0.000185412 0
-0.000724629 0
-0.000994718 0
-0.000724629 0
-0.000185412 0
-0.000724629 0
-0.00126371 0
8.42655e-05 0
0.00062362 0
-0.000185412 0
-0.000185412 0
0.00089316 0
-0.000185412 0
-0.000455089 0
0.00035408 0
-0.000455089 0
8.42655e-05 0
-0.000455089 0
-0.000455089 0
8.42655e-05 0
-0.000455089 0
-0.000185412 0
-0.000455089 0
0.00035408 0
8.42655e-05 0
-0.000994718 0
0.00035408 0
8.42655e-05 0
8.42655e-05 0
0.00035408 0
-0.000185412 0
-0.000455089 0
-0.000994718 0
-0.000724629 0
-0.000185412 0
-0.000455089 0
8.42655e-05 0
0.00062362 0
-0.000185412 0
-0.000185412 0
0.00035408 0
8.42655e-05 0
0.00062362 0
0.00089316 0
0.00089316 0
0.00089316 0
0.00035408 0
0.00035408 0
0.00062362 0
8.42655e-05 0
-0.000724629 0
-0.000455089 0
-0.000185412 0
-0.000724629 0
-0.000724629 0
-0.000185412 0
0.00062362 0
-0.000185412 0
-0.000185412 0
8.42655e-05 0
-0.000455089 0
8.42655e-05 0
0.00035408 0
-0.000455089 0
-0.000724629 0
8.42655e-05 0
0.00035408 0
-0.000994718 0
8.42655e-05 0
8.42655e-05 0
-0.000455089 0
8.42655e-05 0
8.42655e-05 0
0.00062362 0
-0.000455089 0
-0.000724629 0
8.42655e-05 0
-0.000185412 0
-0.000185412 0
-0.000994718 0
8.42655e-05 0
0.00089316 0
8.42655e-05 0
-0.000185412 0
-0.000455089 0
-0.000990326 0
-0.000731765 0
-0.000172237 0
-0.000172237 0
8.61183e-05 0
8.61183e-05 0
-0.000731765 0
8.61183e-05 0
0.000344473 0
-0.000731765 0
-0.000172237 0
-0.000172237 0
-0.000473479 0
-0.000473479 0
-0.000990326 0
0.000344473 0
-0.000172237 0
8.61183e-05 0
0.0011627 0
0.0011627 0
0.000602759 0
-0.000990326 0
-0.000172237 0
8.61183e-05 0
-0.000473479 0
0.0011627 0
0.000344473 0
-0.000172237 0
0.000602759 0
0.0011627 0
0.0011627 0
-0.000473479 0
-0.000172237 0
0.000602759 0
-0.000990326 0
-0.000731765 0
8.61183e-05 0
8.61183e-05 0
-0.000473479 0
-0.00124834 0
0.000344473 0
0.000344473 0
0.000344473 0
0.000602759 0
-0.000172237 0
-0.000473479 0
-0.00124834 0
-0.000731765 0
0.000602759 0
0.000602759 0
-0.000172237 0
-0.000172237 0
0.000344473 0
-0.00017155 0
-0.00017155 0
8.76965e-05 0
8.76965e-05 0
0.000343101 0
-0.000991424 0
-0.000991424 0
0.00060221 0
0.000343101 0
-0.00017155 0
8.76965e-05 0
0.00090359 0
0.00060221 0
-0.00017155 0
-0.00017155 0
-0.00124724 0
-0.00262623 0
-0.00611323 0
-0.020395 0
-0.0519625 0
-0.111303 0
-0.205742 0
-0.314515 0
-0.397711 0
-0.413451 0
-0.346557 0
-0.20518 0
0.0160121 0
0.323228 0
0.658824 0
0.907288 0
0.999478 0
0.941016 0
0.709416 0
0.256896 0
-0.343746 0
-0.870187 0
-1.13214 0
-1.07874 0
-0.71054 0
-0.046306 0
0.745393 0
1.32327 0
1.41096 0
1.01747 0
0.414857 0
-0.131751 0
-0.522787 0
-0.744268 0
-0.767316 0
-0.622847 0
-0.507328 0
-0.570849 0
-0.678499 0
-0.602048 0
-0.34993 0
-0.0945091 0
0.0995684 0
0.261393 0
0.356394 0
0.324634 0
0.225979 0
0.206023 0
0.305521 0
0.397992 0
0.320418 0
0.0577244 0
-0.227525 0
-0.414576 0
-0.555953 0
-0.744831 0
-0.982614 0
-1.21646 0
-1.33339 0
-1.05963 0
-0.0926822 0
1.53913 0
3.33234 0
4.54431 0
4.60277 0
3.44027 0
1.46605 0
-0.702108 0
-2.48014 0
-3.48749 0
-3.66288 0
-3.19968 0
-2.31375 0
-1.18836 0
-0.089731 0
0.699298 0
1.08886 0
1.1625 0
1.00004 0
0.633528 0
0.109546 0
-0.467135 0
-0.944951 0
-1.17037 0
-1.06131 0
-0.66838 0
-0.164425 0
0.255913 0
0.528127 0
0.740333 0
0.986549 0
1.23445 0
1.36712 0
1.28842 0
0.958442 0
0.414576 0
-0.224011 0
-0.804979 0
-1.22096 0
-1.42445 0
-1.39297 0
-1.09841 0
-0.543867 0
0.165549 0
0.822405 0
1.21871 0
1.24794 0
0.928087 0
0.410641 0
-0.018814 0
-0.107157 0
0.127113 0
0.416543 0
0.485686 0
0.232724 0
-0.251275 0
-0.751576 0
-1.05569 0
-1.10797 0
-0.99723 0
-0.801044 0
-0.525878 0
-0.180867 0
0.198996 0
0.599237 0
0.971372 0
1.17374 0
1.05738 0
0.59474 0
-0.101536 0
-0.794299 0
-1.18611 0
-1.10347 0
-0.62622 0
-0.0123231 0
0.475005 0
0.703795 0
0.690866 0
0.54218 0
0.376912 0
0.266593 0
0.202931 0
0.137934 0
0.0604999 0
-0.00237371 0
-0.036047 0
-0.0398063 0
-0.01119 0
0.0392441 0
0.0674915 0
0.00418308 0
-0.173279 0
-0.384782 0
-0.535997 0
-0.596427 0
-0.561293 0
-0.393495 0
-0.0765208 0
0.290343 0
0.540494 0
0.582373 0
0.442401 0
0.186208 0
-0.147139 0
-0.517165 0
-0.878057 0
-1.19735 0
-1.42783 0
-1.50203 0
-1.33339 0
-0.816784 0
0.134632 0
1.44019 0
2.74547 0
3.58868 0
3.70335 0
3.11199 0
2.03943 0
0.774624 0
-0.42638 0
-1.40422 0
-2.08103 0
-2.43293 0
-2.46441 0
-2.18109 0
-1.59422 0
-0.812287 0
-0.0625025 0
0.478659 0
0.766192 0
0.805541 0
0.609356 0
0.24734 0
-0.138848 0
-0.428629 0
-0.563542 0
-0.516603 0
-0.304959 0
-0.00474742 0
0.257037 0
0.38422 0
0.404457 0
0.443244 0
0.57619 0
0.717286 0
0.715037 0
0.504517 0
0.13681 0
-0.288376 0
-0.650954 0
-0.80779 0
-0.685806 0
-0.389841 0
-0.116643 0
0.0162756 0
0.0146946 0
-0.0576541 0
-0.137161 0
-0.166252 0
-0.101887 0
0.0554056 0
0.266734 0
0.469946 0
0.606545 0
0.64477 0
0.581249 0
0.425537 0
0.189159 0
-0.0800341 0
-0.319574 0
-0.490464 0
-0.584622 0
-0.597551 0
-0.516322 0
-0.34459 0
-0.117205 0
0.104698 0
0.248745 0
0.261674 0
0.155431 0
7.39725e-05 0
-0.141237 0
-0.237503 0
-0.26828 0
-0.200823 0
-0.0379442 0
0.166533 0
0.361173 0
0.524754 0
0.643646 0
0.67625 0
0.589681 0
0.401927 0
0.146296 0
-0.141518 0
-0.400803 0
-0.549488 0
-0.542462 0
-0.42357 0
-0.284722 0
-0.192953 0
-0.172576 0
-0.202228 0
-0.230476 0
-0.211082 0
-0.114816 0
0.0462006 0
0.201245 0
0.279241 0
0.262237 0
0.181008 0
0.0863582 0
0.0230125 0
0.0124812 0
0.0413522 0
0.0602189 0
0.017883 0
-0.0734993 0
-0.131821 0
-0.0894499 0
0.0340619 0
0.164284 0
0.239048 0
0.232022 0
0.146015 0
0.018164 0
-0.0869906 0
-0.120719 0
-0.0859365 0
-0.0371361 0
-0.0133947 0
0.00683347 0
0.0558974 0
0.141166 0
0.245794 0
0.317607 0
0.276571 0
0.0995684 0
-0.125075 0
-0.270669 0
-0.277133 0
-0.168219 0
-0.0196045 0
0.0779964 0
0.0586027 0
-0.0834772 0
-0.293997 0
-0.498896 0
-0.639711 0
-0.683558 0
-0.623409 0
-0.476692 0
-0.271231 0
-0.0223098 0
0.258442 0
0.53937 0
0.750452 0
0.822968 0
0.741458 0
0.551175 0
0.317607 0
0.0801747 0
-0.133648 0
-0.292311 0
-0.378599 0
-0.398555 0
-0.353865 0
-0.237503 0
-0.0730074 0
0.0769424 0
0.147842 0
0.130626 0
0.0701967 0
0.00629329 0
-0.0436007 0
-0.0665429 0
-0.046833 0
0.0159945 0
0.095001 0
0.156274 0
0.182132 0
0.178619 0
0.157258 0
0.127113 0
0.0942281 0
0.0561785 0
0.00763715 0
-0.0703021 0
-0.199277 0
-0.345433 0
-0.401927 0
-0.285987 0
-0.0417035 0
0.199137 0
0.335314 0
0.348243 0
0.263501 0
0.112287 0
-0.0619404 0
-0.208131 0
-0.297932 0
-0.325758 0
-0.287392 0
-0.182554 0
-0.0255421 0
0.143837 0
0.267858 0
0.298213 0
0.222325 0
0.0661564 0
-0.124794 0
-0.299056 0
-0.391247 0
-0.351616 0
-0.192532 0
0.000626914 0
0.135756 0
0.190002 0
0.181851 0
0.127886 0
0.0529462 0
-0.00638552 0
-0.0195869 0
0.0100658 0
0.061308 0
0.118751 0
0.170468 0
0.211223 0
0.245794 0
0.283036 0
0.319574 0
0.335595 0
0.304397 0
0.217406 0
0.105822 0
0.0143696 0
-0.030654 0
-0.0233814 0
0.0254367 0
0.0890986 0
0.136248 0
0.15515 0
0.146858 0
0.104206 0
0.0203072 0
-0.0883959 0
-0.201385 0
-0.311423 0
-0.408954 0
-0.46826 0
-0.465168 0
-0.409235 0
-0.341779 0
-0.287392 0
-0.254788 0
-0.257177 0
-0.30524 0
-0.390685 0
-0.474162 0
-0.500582 0
-0.439872 0
-0.298775 0
-0.106455 0
0.0987954 0
0.274604 0
0.387593 0
0.431159 0
0.423008 0
0.381409 0
0.318731 0
0.247621 0
0.172716 0
0.104487 0
0.0545624 0
0.0297581 0
0.0310932 0
0.0462006 0
0.0699157 0
0.112779 0
0.173419 0
0.23146 0
0.267015 0
0.261393 0
0.199137 0
0.0839691 0
-0.0503463 0
-0.16063 0
-0.229211 0
-0.260972 0
-0.258864 0
-0.213752 0
-0.125075 0
-0.0147385 0
0.0872014 0
0.156274 0
0.179462 0
0.156977 0
0.104206 0
0.0480978 0
0.00763275 0
-0.00908201 0
-0.0012659 0
0.0340619 0
0.100974 0
0.190002 0
0.279241 0
0.346838 0
0.377193 0
0.357519 0
0.291187 0
0.198575 0
0.103925 0
0.0224679 0
-0.0425116 0
-0.0888878 0
-0.115097 0
-0.130697 0
-0.148544 0
-0.177073 0
-0.209396 0
-0.223168 0
-0.202228 0
-0.146015 0
-0.0608513 0
0.0373118 0
0.129783 0
0.198294 0
0.230616 0
0.230897 0
0.199699 0
0.133859 0
0.0499599 0
-0.0260866 0
-0.0864987 0
-0.137442 0
-0.175949 0
-0.187332 0
-0.162738 0
-0.113692 0
-0.0600432 0
-0.0133947 0
0.0238205 0
0.0418792 0
0.0329904 0
-0.00504166 0
-0.0622215 0
-0.121562 0
-0.177916 0
-0.227806 0
-0.267998 0
-0.290062 0
-0.281209 0
-0.236659 0
-0.166252 0
-0.0867798 0
-0.0136757 0
0.0359592 0
0.0508031 0
0.0216598 0
-0.0414576 0
-0.112638 0
-0.180024 0
-0.238908 0
-0.276852 0
-0.272777 0
-0.215158 0
-0.115308 0
0.0014273 0
0.106876 0
0.175668 0
0.198012 0
0.180165 0
0.143556 0
0.110389 0
0.0901526 0
0.084742 0
0.0877635 0
0.0804557 0
0.0437764 0
-0.0212206 0
-0.0953524 0
-0.155993 0
-0.175246 0
-0.141518 0
-0.0711102 0
0.00413477 0
0.0615891 0
0.0993575 0
0.120367 0
0.12114 0
0.095001 0
0.0456736 0
-0.0177161 0
-0.0827043 0
-0.133156 0
-0.156555 0
-0.149388 0
-0.120438 0
-0.0851636 0
-0.0514355 0
-0.0187964 0
0.015731 0
0.0489059 0
0.0699157 0
0.0677725 0
0.03487 0
-0.0271582 0
-0.0969685 0
-0.13934 0
-0.128308 0
-0.0592351 0
0.0521381 0
0.168922 0
0.251697 0
0.282755 0
0.269825 0
0.233146 0
0.190986 0
0.153042 0
0.124654 0
0.10793 0
0.0974603 0
0.0920498 0
0.093947 0
0.10013 0
0.100693 0
0.0874825 0
0.0632052 0
0.0354146 0
0.0114184 0
-0.0012681 0
0.00332231 0
0.0243651 0
0.0583216 0
0.0955632 0
0.122265 0
0.127886 0
0.112568 0
0.093947 0
0.0912066 0
0.109335 0
0.136037 0
0.161333 0
0.181008 0
0.179462 0
0.146015 0
0.0850231 0
0.00871311 0
-0.0625025 0
-0.108563 0
-0.125075 0
-0.121281 0
-0.107509 0
-0.0856555 0
-0.0619404 0
-0.0473951 0
-0.0498193 0
-0.0711102 0
-0.105892 0
-0.140183 0
-0.156555 0
-0.146577 0
-0.11587 0
-0.0824232 0
-0.0627484 0
-0.0614134 0
-0.0756776 0
-0.0942984 0
-0.108563 0
-0.116432 0
-0.119384 0
-0.123951 0
-0.13421 0
-0.15009 0
-0.164425 0
-0.161193 0
-0.132594 0
-0.0869906 0
-0.0460249 0
-0.0233814 0
-0.0160911 0
-0.019341 0
-0.0260866 0
-0.024734 0
-0.00827833 0
0.0257002 0
0.0664375 0
0.0998495 0
0.120367 0
0.128167 0
0.123038 0
0.112006 0
0.102801 0
0.0987954 0
0.0974603 0
0.0895904 0
0.0769424 0
0.0666834 0
0.0607459 0
0.0561785 0
0.0424413 0
0.0159945 0
-0.0196045 0
-0.0600432 0
-0.0964766 0
-0.122897 0
-0.138777 0
-0.145874 0
-0.14742 0
-0.143415 0
-0.128799 0
-0.106455 0
-0.0813692 0
-0.0606053 0
-0.0532975 0
-0.0616593 0
-0.0832664 0
-0.112076 0
-0.135053 0
-0.142572 0
-0.135826 0
-0.110741 0
-0.0630295 0
-0.00423139 0
0.0575136 0
0.111444 0
0.146858 0
0.162176 0
0.154306 0
0.126832 0
0.0842502 0
0.0305662 0
-0.0231003 0
-0.0654537 0
-0.0872716 0
-0.0859365 0
-0.0614134 0
-0.0155554 0
0.0373118 0
0.0839691 0
0.116573 0
0.131961 0
0.127113 0
0.103363 0
0.0796126 0
0.074483 0
0.0979522 0
0.143274 0
0.189159 0
0.219655 0
0.223871 0
0.198294 0
0.15009 0
0.095001 0
0.0480978 0
0.0189721 0
0.00844522 0
0.00952997 0
0.0141061 0
0.0149142 0
0.00844522 0
-0.00261086 0
-0.0123231 0
-0.0179884 0
-0.0201315 0
-0.0212206 0
-0.0263501 0
-0.0427926 0
-0.0721642 0
-0.112919 0
-0.15796 0
-0.198153 0
-0.227525 0
-0.234551 0
-0.214877 0
-0.173841 0
-0.124513 0
-0.0829853 0
-0.0600432 0
-0.0573379 0
-0.0675969 0
-0.0813692 0
-0.0869906 0
-0.0721642 0
-0.0352389 0
0.0192356 0
0.0834069 0
0.13681 0
0.168079 0
0.174543 0
0.161333 0
0.145734 0
0.133859 0
0.130345 0
0.139269 0
0.156836 0
0.179743 0
0.199699 0
0.208553 0
0.20265 0
0.182694 0
0.154869 0
0.124654 0
0.095001 0
0.0672455 0
0.0437764 0
0.0262447 0
0.0176195 0
0.0200437 0
0.0300216 0
0.0440574 0
0.0526651 0
0.0483437 0
0.0300216 0
-0.00234077 0
-0.0425116 0
-0.0829853 0
-0.119946 0
-0.149388 0
-0.167938 0
-0.172576 0
-0.162036 0
-0.14201 0
-0.120719 0
-0.105611 0
-0.109968 0
-0.139621 0
-0.186489 0
-0.237503 0
-0.277976 0
-0.299619 0
-0.296527 0
-0.268842 0
-0.221622 0
-0.161474 0
-0.09999 0
-0.0438818 0
-0.00207507 0
0.0211152 0
0.0332539 0
0.039736 0
0.0426872 0
0.0405441 0
0.0354146 0
0.0319012 0
0.0238205 0
0.0100658 0
-0.00449709 0
-0.0139392 0
-0.0112427 0
0.00251424 0
0.0251732 0
0.0513301 0
0.0750452 0
0.0917687 0
0.0995684 0
0.104417 0
0.106876 0
0.105541 0
0.100693 0
0.0888175 0
0.0691076 0
0.0421602 0
0.0135615 0
-0.0120508 0
-0.0303905 0
-0.0352389 0
-0.0255245 0
-0.00261306 0
0.029477 0
0.0604999 0
0.0831259 0
0.0942281 0
0.0888175 0
0.0650672 0
0.0313742 0
-0.000997463 0
-0.0255421 0
-0.0352389 0
-0.0239259 0
0.00359021 0
0.040263 0
0.0772234 0
0.103082 0
0.113903 0
0.106595 0
0.0858663 0
0.0588838 0
0.0327093 0
0.0108738 0
-0.00476937 0
-0.0115062 0
-0.0117785 0
-0.00773815 0
-0.00476937 0
-0.0101624 0
-0.0249975 0
-0.0500653 0
-0.0791909 0
-0.101606 0
-0.11046 0
-0.101887 0
-0.0808071 0
-0.0541056 0
-0.0284933 0
-0.0139392 0
-0.0177073 0
-0.0403684 0
-0.0765208 0
-0.1132 0
-0.135545 0
-0.132875 0
-0.102941 0
-0.0538597 0
-0.000452893 0
0.0429683 0
0.0672455 0
0.0715318 0
0.0591297 0
0.0367497 0
0.0154587 0
0.00494065 0
0.010057 0
0.0297405 0
0.0623971 0
0.100693 0
0.134632 0
0.163722 0
0.187191 0
0.203915 0
0.213893 0
0.215017 0
0.206726 0
0.186489 0
0.153463 0
0.10793 0
0.0577946 0
0.018691 0
-0.001267 0
-0.00207398 0
0.013298 0
0.0367497 0
0.0610269 0
0.0785585 0
0.0810179 0
0.0682995 0
0.0440223 0
0.0116819 0
-0.0196045 0
-0.0444088 0
-0.0616593 0
-0.0673509 0
-0.0640835 0
-0.0589892 0
-0.056565 0
-0.0630295 0
-0.0810881 0
-0.110741 0
-0.145874 0
-0.178197 0
-0.199277 0
-0.20265 0
-0.195202 0
-0.181711 0
-0.164144 0
-0.151777 0
-0.149107 0
-0.150653 0
-0.152339 0
-0.147139 0
-0.129081 0
-0.102379 0
-0.0724453 0
-0.046587 0
-0.0314621 0
-0.0271582 0
-0.0314621 0
-0.0384712 0
-0.0449709 0
-0.0476411 0
-0.0457438 0
-0.0427926 0
-0.0408954 0
-0.0436007 0
-0.0524895 0
-0.0638376 0
-0.0746236 0
-0.0781369 0
-0.0703021 0
-0.0490113 0
-0.0185329 0
0.0114096 0
0.0329904 0
0.0410711 0
0.0375577 0
0.0257002 0
0.0138426 0
0.0108738 0
0.0165303 0
0.0335174 0
0.0604999 0
0.0901526 0
0.115238 0
0.131118 0
0.133578 0
0.123881 0
0.107438 0
0.0866392 0
0.0699157 0
0.062362 0
0.0629241 0
0.073429 0
0.0890986 0
0.104206 0
0.116854 0
0.127394 0
0.136529 0
0.142502 0
0.146015 0
0.144891 0
0.13681 0
0.123319 0
0.108492 0
0.0974603 0
0.0933849 0
0.0963361 0
0.105541 0
0.116081 0
0.120649 0
0.114957 0
0.10013 0
0.0804557 0
0.0588838 0
0.0375577 0
0.0154587 0
-0.00800605 0
-0.0284933 0
-0.0411765 0
-0.0444088 0
-0.0374172 0
-0.0228368 0
-0.00773376 0
0.00359021 0
0.00709697 0
-0.000726276 0
-0.0187964 0
-0.0438818 0
-0.0673509 0
-0.0851636 0
-0.0935254 0
-0.0872716 0
-0.0703021 0
-0.0516814 0
-0.0352389 0
-0.0266136 0
-0.0279663 0
-0.0330782 0
-0.0408954 0
-0.0484491 0
-0.0503463 0
-0.046833 0
-0.0395603 0
-0.036047 0
-0.0368551 0
-0.0444088 0
-0.0616593 0
-0.0808071 0
-0.0959145 0
-0.102379 0
-0.0972496 0
-0.0843204 0
-0.0719183 0
-0.068967 0
-0.0775748 0
-0.100763 0
-0.135334 0
-0.171452 0
-0.201666 0
-0.216704 0
-0.213752 0
-0.196467 0
-0.17117 0
-0.144188 0
-0.121562 0
-0.106736 0
-0.0964766 0
-0.0869906 0
-0.0756776 0
-0.0614134 0
-0.0460249 0
-0.0295824 0
-0.0101624 0
0.0108738 0
0.0316377 0
0.0553704 0
0.0820719 0
0.110671 0
0.138145 0
0.158663 0
0.168922 0
0.171311 0
0.168922 0
0.164846 0
0.161052 0
0.158101 0
0.158382 0
0.158101 0
0.154587 0
0.148404 0
0.136529 0
0.121984 0
0.10526 0
0.0895904 0
0.0796126 0
0.074483 0
0.0761694 0
0.0798936 0
0.0828448 0
0.083688 0
0.0794017 0
0.0707238 0
0.0610269 0
0.0518571 0
0.0440574 0
0.0375577 0
0.0305662 0
0.0216598 0
0.0141061 0
0.00790504 0
0.00305222 0
-0.00152941 0
-0.00720237 0
-0.0128676 0
-0.0168992 0
-0.0222922 0
-0.0279663 0
-0.0285108 0
-0.0212206 0
-0.00476498 0
0.0159945 0
0.0346065 0
0.0494329 0
0.0569866 0
0.0558974 0
0.0480978 0
0.0359416 0
0.0213787 0
0.00682468 0
-0.00476498 0
-0.0166357 0
-0.030654 0
-0.0417035 0
-0.0530516 0
-0.0675969 0
-0.0813692 0
-0.0980927 0
-0.118822 0
-0.141799 0
-0.165549 0
-0.187613 0
-0.209255 0
-0.227806 0
-0.240454 0
-0.248043 0
-0.250713 0
-0.248886 0
-0.245091 0
-0.238346 0
-0.227525 0
-0.216141 0
-0.199277 0
-0.176792 0
-0.150371 0
-0.11833 0
-0.0853744 0
-0.0549137 0
-0.0268947 0
-0.00369561 0
0.0138426 0
0.0275974 0
0.0405441 0
0.0532273 0
0.0685806 0
0.084742 0
0.0990765 0
0.112568 0
0.123038 0
0.131961 0
0.142502 0
0.15009 0
0.154587 0
0.155712 0
0.148123 0
0.133859 0
0.11306 0
0.0876932 0
0.0677725 0
0.0526651 0
0.0413522 0
0.0378388 0
0.0359416 0
0.0340619 0
0.0335349 0
0.034343 0
0.0340619 0
0.0335349 0
0.0383658 0
0.0464816 0
0.0615539 0
0.0858663 0
0.113903 0
0.14461 0
0.172154 0
0.192953 0
0.207428 0
0.215579 0
0.22092 0
0.227665 0
0.234411 0
0.24467 0
0.256053 0
0.261955 0
0.266031 0
0.267296 0
0.264345 0
0.261393 0
0.259847 0
0.259988 0
0.26055 0
0.261674 0
0.261674 0
0.256053 0
0.244951 0
0.224152 0
0.191829 0
0.150512 0
0.10259 0
0.0537543 0
0.00710575 0
-0.03552 0
-0.0737804 0
-0.111865 0
-0.151496 0
-0.193515 0
-0.237784 0
-0.280647 0
-0.319856 0
-0.351897 0
-0.378037 0
-0.401365 0
-0.42638 0
-0.453925 0
-0.483156 0
-0.516603 0
-0.549769 0
-0.577314 0
-0.601486 0
-0.61835 0
-0.627344 0
-0.627344 0
-0.620036 0
-0.61048 0
-0.596989 0
-0.581249 0
-0.564947 0
-0.546115 0
-0.527284 0
-0.504236 0
-0.475567 0
-0.44465 0
-0.408392 0
-0.369605 0
-0.32885 0
-0.287392 0
-0.246075 0
-0.204055 0
-0.162598 0
-0.119384 0
-0.0749046 0
-0.0311986 0
0.0141061 0
0.0583568 0
0.102028 0
0.146015 0
0.188035 0
0.228227 0
0.264907 0
0.300181 0
0.337282 0
0.370448 0
0.40249 0
0.435093 0
0.461795 0
0.485967 0
0.507047 0
0.523068 0
0.540775 0
0.558201 0
0.570849 0
0.579 0
0.580687 0
0.575065 0
0.561293 0
0.541618 0
0.51829 0
0.493837 0
0.472757 0
0.453644 0
0.433126 0
0.410641 0
0.385063 0
0.358081 0
0.327163 0
0.292873 0
0.258161 0
0.22359 0
0.192391 0
0.166533 0
0.145734 0
0.129572 0
0.11306 0
0.0955632 0
0.0761694 0
0.0537543 0
0.0319012 0
0.010865 0
-0.00693008 0
-0.019868 0
-0.0325336 0
-0.0430737 0
-0.0506274 0
-0.058427 0
-0.0630295 0
-0.0646456 0
-0.0630295 0
-0.058427 0
-0.0522435 0
-0.0436007 0
-0.0368551 0
-0.0314796 0
-0.0290554 0
-0.0314796 0
-0.0341673 0
-0.0373821 0
-0.0403684 0
-0.0417035 0
-0.0403684 0
-0.0376631 0
-0.0357835 0
-0.0328147 0
-0.0317431 0
-0.0322701 0
-0.0328147 0
-0.0371361 0
-0.0425116 0
-0.0482032 0
-0.0551948 0
-0.0624674 0
-0.0719183 0
-0.080526 0
-0.0886067 0
-0.0969685 0
-0.103433 0
-0.108844 0
-0.111303 0
-0.112638 0
-0.113762 0
-0.113973 0
-0.116714 0
-0.122054 0
-0.129081 0
-0.138777 0
-0.149388 0
-0.157117 0
-0.159366 0
-0.155993 0
-0.147701 0
-0.136107 0
-0.127464 0
-0.12367 0
-0.124232 0
-0.130978 0
-0.142853 0
-0.153885 0
-0.160068 0
-0.161193 0
-0.156274 0
-0.14742 0
-0.13934 0
-0.133929 0
-0.130978 0
-0.132875 0
-0.137723 0
-0.138777 0
-0.136107 0
-0.127745 0
-0.113481 0
-0.0991468 0
-0.0856555 0
-0.0753965 0
-0.0697752 0
-0.0684049 0
-0.0697752 0
-0.069213 0
-0.0651727 0
-0.0560028 0
-0.0414576 0
-0.0239259 0
-0.00827394 0
0.00277994 0
0.0100658 0
0.0106015 0
0.00574433 0
0.00197297 0
0.000354629 0
0.0011616 0
0.00601661 0
0.0127622 0
0.0205882 0
0.0257002 0
0.0262447 0
0.0262447 0
0.023557 0
0.018691 0
0.0149142 0
0.008981 0
0.00170178 0
-0.00612202 0
-0.0134034 0
-0.0166357 0
-0.0158276 0
-0.0123231 0
-0.00801044 0
-0.00342332 0
-0.00099362 0
-0.00234297 0
-0.00557745 0
-0.00989008 0
-0.0158276 0
-0.0222922 0
-0.0287744 0
-0.0347119 0
-0.0366091 0
-0.0357835 0
-0.0341673 0
-0.0285108 0
-0.0222922 0
-0.0171715 0
-0.0147473 0
-0.0142027 0
-0.0131312 0
-0.0120508 0
-0.00854623 0
-0.0015349 0
0.00682908 0
0.0168026 0
0.0257002 0
0.0335174 0
0.0391739 0
0.0418792 0
0.0440574 0
0.0453925 0
0.0480978 0
0.0521381 0
0.0553704 0
0.0607459 0
0.0664375 0
0.0704778 0
0.0737101 0
0.0756073 0
0.0775045 0
0.0801747 0
0.0812287 0
0.0823529 0
0.0831259 0
0.0796126 0
0.074483 0
0.0696697 0
0.0637321 0
0.0591297 0
0.0569866 0
0.0567055 0
0.0575136 0
0.0586027 0
0.0567055 0
0.0524192 0
0.0464816 0
0.039736 0
0.0346065 0
0.0316377 0
0.0302851 0
0.0321823 0
0.0356781 0
0.0370307 0
0.0373118 0
0.0370307 0
0.0332539 0
0.0278609 0
0.0227314 0
0.0165391 0
0.0116819 0
0.00925768 0
0.00871311 0
0.0111373 0
0.0154587 0
0.0189545 0
0.0216598 0
0.0222044 0
0.0213963 0
0.0194991 0
0.0181465 0
0.0181465 0
0.0184275 0
0.0181465 0
0.0181465 0
0.0189545 0
0.0170749 0
0.0162668 0
0.017883 0
0.0205882 0
0.0248921 0
0.028669 0
0.0319012 0
0.0316377 0
0.0284055 0
0.0254367 0
0.0230125 0
0.0208517 0
0.0208517 0
0.0219233 0
0.0230125 0
0.0246286 0
0.0230125 0
0.0176107 0
0.0122177 0
0.00763715 0
0.00305003 0
-0.0015327 0
-0.00342113 0
-0.0042292 0
-0.0042292 0
-0.0039613 0
-0.00476937 0
-0.00584973 0
-0.00638552 0
-0.00638552 0
-0.00692569 0
-0.0066578 0
-0.00530955 0
-0.00476937 0
-0.00558184 0
-0.00854623 0
-0.00962658 0
-0.00881412 0
-0.00881412 0
-0.00692569 0
-0.0039613 0
-0.00234297 0
-0.00369122 0
-0.00692569 0
-0.0101624 0
-0.0139392 0
-0.0160999 0
-0.0160999 0
-0.0139392 0
-0.0104347 0
-0.00719798 0
-0.0066578 0
-0.0066578 0
-0.00558184 0
-0.00638552 0
-0.00584973 0
-0.00611762 0
-0.00827394 0
-0.00989008 0
-0.0134034 0
-0.0155554 0
-0.0174438 0
-0.0190599 0
-0.0185154 0
-0.016908 0
-0.0142115 0
-0.014475 0
-0.0142115 0
-0.0120508 0
-0.0123231 0
-0.0109704 0
-0.00692569 0
-0.00180389 0
0.00197187 0
0.00574872 0
0.00925768 0
0.00790504 0
0.00574872 0
0.00062362 0
-0.0066578 0
-0.0131312 0
-0.019341 0
-0.0244529 0
-0.0279663 0
-0.0287744 0
-0.0298459 0
-0.0298459 0
-0.0293189 0
-0.0314621 0
-0.0333593 0
-0.036047 0
-0.0390333 0
-0.0406495 0
-0.0417035 0
-0.0411765 0
-0.0406495 0
-0.0398414 0
-0.0384712 0
-0.0371361 0
-0.03552 0
-0.0341673 0
-0.0314621 0
-0.0287744 0
-0.0266136 0
-0.0233814 0
-0.0222922 0
-0.0214841 0
-0.0179884 0
-0.0166357 0
-0.0150196 0
-0.0123231 0
-0.011515 0
-0.0112427 0
-0.0101624 0
-0.00881412 0
-0.00611762 0
-0.00234297 0
0.00143169 0
0.0062889 0
0.0114096 0
0.0154587 0
0.0181465 0
0.0213963 0
0.024084 0
0.0254367 0
0.0284055 0
0.0310932 0
0.0324458 0
0.0327093 0
0.0305662 0
0.028669 0
0.0275974 0
0.0273163 0
0.0292135 0
0.0313742 0
0.0319012 0
0.0313742 0
0.0284055 0
0.0219233 0
0.0135703 0
0.0038603 0
-0.00450148 0
-0.00908201 0
-0.0093543 0
-0.00503727 0
-0.00126481 0
0.00466837 0
0.0116819 0
0.0151865 0
0.0192356 0
0.0208517 0
0.0205882 0
0.0197626 0
0.0168026 0
0.0135703 0
0.0100658 0
0.00628451 0
0.00413038 0
0.00251205 0
0.0011627 0
0.00197187 0
0.00305222 0
0.00224196 0
0.00224196 0
0.00359021 0
0.0038603 0
0.00305222 0
0.00332012 0
0.00305222 0
0.000353531 0
-0.0039613 0
-0.0093543 0
-0.0155554 0
-0.0201491 0
-0.0228368 0
-0.0260691 0
-0.0282298 0
-0.0287744 0
-0.0290379 0
-0.0284933 0
-0.0274217 0
-0.0271582 0
-0.0266136 0
-0.025261 0
-0.024734 0
-0.024734 0
-0.0249975 0
-0.024734 0
-0.024734 0
-0.0255421 0
-0.0241894 0
-0.025261 0
-0.0263501 0
-0.025261 0
-0.0249975 0
-0.0228368 0
-0.0190599 0
-0.0142115 0
-0.00854623 0
-0.00450148 0
-0.00126481 0
-0.000455638 0
-0.000455638 0
-0.000186098 0
8.37852e-05 0
0.00197187 0
0.00655679 0
0.0106015 0
0.0127622 0
0.015731 0
0.0149142 0
0.01249 0
0.0116819 0
0.0103293 0
0.0114096 0
0.0141061 0
0.0173472 0
0.0216598 0
0.0238205 0
0.024084 0
0.0216598 0
0.0189545 0
0.0176107 0
0.015731 0
0.0176107 0
0.024084 0
0.0329904 0
0.0432494 0
0.0540354 0
0.0621161 0
0.0666834 0
0.0669644 0
0.061835 0
0.0564596 0
0.0499599 0
0.0429683 0
0.039736 0
0.0391739 0
0.0410711 0
0.0432494 0
0.0448655 0
0.0459195 0
0.0451114 0
0.0424413 0
0.0378388 0
0.0302851 0
0.0227314 0
0.0162668 0
0.0114096 0
0.00709697 0
0.00251205 0
-0.00369122 0
-0.0109704 0
-0.0182519 0
-0.0255421 0
-0.0352389 0
-0.0436007 0
-0.0484491 0
-0.0532975 0
-0.0560028 0
-0.057619 0
-0.0606053 0
-0.0638376 0
-0.0697752 0
-0.0740615 0
-0.078418 0
-0.0846015 0
-0.0891688 0
-0.0937362 0
-0.0983738 0
-0.102098 0
-0.104276 0
-0.103503 0
-0.101887 0
-0.0969685 0
-0.089731 0
-0.0819314 0
-0.0746236 0
-0.0713913 0
-0.0705832 0
-0.0724453 0
-0.0740615 0
-0.0730074 0
-0.0694941 0
-0.0611323 0
-0.0503463 0
-0.0384712 0
-0.0282298 0
-0.0204126 0
-0.0142115 0
-0.0120508 0
-0.0109704 0
-0.00800605 0
-0.0039613 0
0.00305222 0
0.0106015 0
0.0189545 0
0.0265082 0
0.0319012 0
0.0365037 0
0.0391739 0
0.0432494 0
0.0467276 0
0.0491518 0
0.0532273 0
0.0553704 0
0.0591297 0
0.061835 0
0.0637321 0
0.0656294 0
0.0666834 0
0.0682995 0
0.0688617 0
0.0693887 0
0.0693887 0
0.0677725 0
0.0658753 0
0.0629241 0
0.0629241 0
0.061835 0
0.0594108 0
0.0586027 0
0.0575136 0
0.0561785 0
0.0540354 0
0.0532273 0
0.0526651 0
0.051049 0
0.050522 0
0.0491518 0
0.0475357 0
0.0445844 0
0.0432494 0
0.0437764 0
0.0432494 0
0.0437764 0
0.0440574 0
0.0421602 0
0.0375577 0
0.0321823 0
0.0262447 0
0.0216598 0
0.0213963 0
0.0216598 0
0.0243651 0
0.0289325 0
0.0313742 0
0.0319012 0
0.0302851 0
0.0267893 0
0.0205707 0
0.0154587 0
0.0116819 0
0.00844522 0
0.00817733 0
0.00979347 0
0.0114096 0
0.0135703 0
0.0151865 0
0.0149142 0
0.0130257 0
0.0100658 0
0.00574872 0
0.00143279 0
-0.00180389 0
-0.00530955 0
-0.0066578 0
-0.00908201 0
-0.0125954 0
-0.0136669 0
-0.0150196 0
-0.0174438 0
-0.0201491 0
-0.0225733 0
-0.0241894 0
-0.0266136 0
-0.0293189 0
-0.0303905 0
-0.0311986 0
-0.0320066 0
-0.0311986 0
-0.0298459 0
-0.0290379 0
-0.0287744 0
-0.030654 0
-0.0330782 0
-0.036047 0
-0.0387523 0
-0.0408954 0
-0.0430737 0
-0.0427926 0
-0.0408954 0
-0.0408954 0
-0.0406495 0
-0.0398414 0
-0.0398414 0
-0.0395603 0
-0.0398414 0
-0.0387523 0
-0.0376631 0
-0.0374172 0
-0.0363281 0
-0.0341673 0
-0.0320066 0
-0.0303905 0
-0.0290379 0
-0.0274217 0
-0.0255421 0
-0.0244529 0
-0.0214841 0
-0.0185154 0
-0.0171715 0
-0.0152919 0
-0.0147473 0
-0.014475 0
-0.0123231 0
-0.00827833 0
-0.00530955 0
-0.00369122 0
-0.00072408 0
8.41969e-05 0
-0.000994718 0
-0.00288314 0
-0.00638552 0
-0.0093543 0
-0.0109704 0
-0.0107069 0
-0.00908201 0
-0.00746587 0
-0.00638552 0
-0.00450148 0
-0.00261306 0
-0.00207288 0
-0.00207288 0
-0.00234297 0
-0.00288314 0
-0.00207288 0
-0.000185412 0
0.00170178 0
0.00332012 0
0.00520854 0
0.00520854 0
0.00494065 0
0.00251205 0
-0.00207288 0
-0.00503727 0
-0.00800605 0
-0.00881412 0
-0.00584973 0
-0.00207288 0
0.00197187 0
0.00359021 0
0.00251205 0
-0.00045454 0
-0.00557745 0
-0.00989008 0
-0.0142115 0
-0.014475 0
-0.0101624 0
-0.00638991 0
8.41969e-05 0
0.00655679 0
0.00871311 0
0.0108738 0
0.00952118 0
0.00574872 0
0.00224196 0
-0.00342113 0
-0.00800605 0
-0.0117785 0
-0.0150196 0
-0.0150196 0
-0.0123231 0
-0.00854623 0
-0.00315104 0
0.00440047 0
0.0100658 0
0.0146507 0
0.0154587 0
0.0138338 0
0.0135703 0
0.0111373 0
0.00952118 0
0.00979347 0
0.0103293 0
0.0122177 0
0.0154587 0
0.0184275 0
0.0203072 0
0.0192356 0
0.0173472 0
0.0162668 0
0.0149142 0
0.0149142 0
0.0170749 0
0.0203072 0
0.024084 0
0.0267893 0
0.0281244 0
0.0281244 0
0.0251732 0
0.0219233 0
0.0192356 0
0.0170749 0
0.017883 0
0.0213963 0
0.0259812 0
0.0300216 0
0.0324458 0
0.0313742 0
0.0281244 0
0.0238205 0
0.0181465 0
0.0138338 0
0.00979347 0
0.00655679 0
0.00440047 0
0.00251205 0
0.00062362 0
-0.000455363 0
-0.000994169 0
-0.00126481 0
0.0011627 0
0.00493626 0
0.00682468 0
0.00736486 0
0.00736486 0
0.00440047 0
-0.000455363 0
-0.0039613 0
-0.00746587 0
-0.00962658 0
-0.0101624 0
-0.0117785 0
-0.0131312 0
-0.0139392 0
-0.0163634 0
-0.0182519 0
-0.0190599 0
-0.019341 0
-0.0179884 0
-0.0158276 0
-0.0136669 0
-0.0112427 0
-0.00746587 0
-0.00557745 0
-0.00557745 0
-0.00423139 0
-0.00450148 0
-0.00530955 0
-0.00503727 0
-0.00450148 0
-0.0039613 0
-0.0039613 0
-0.00288314 0
-0.000994169 0
-0.000724629 0
-0.00180389 0
-0.000994718 0
-0.000185549 0
-0.000994718 0
-0.00180389 0
-0.00126481 0
-0.000724629 0
-0.000185549 0
0.00143279 0
0.00251205 0
0.00278214 0
0.00224196 0
0.00143279 0
0.00197187 0
0.00251205 0
0.00359021 0
0.00520854 0
0.00359021 0
0.00143279 0
-0.000724629 0
-0.00504166 0
-0.00908201 0
-0.011515 0
-0.0112427 0
-0.00854623 0
-0.00504166 0
-0.00234297 0
0.00062362 0
0.00332012 0
0.00466837 0
0.00440047 0
0.00251205 0
0.00305003 0
0.00305003 0
0.00143279 0
0.00197187 0
8.44028e-05 0
-0.00288314 0
-0.00476937 0
-0.00611762 0
-0.00638991 0
-0.00557745 0
-0.00288314 0
-0.00126481 0
0.00062362 0
0.0011627 0
-0.000724629 0
-0.00261306 0
-0.00746587 0
-0.0117785 0
-0.0134034 0
-0.014475 0
-0.0142115 0
-0.0131312 0
-0.0101624 0
-0.0066578 0
-0.00423139 0
-0.0015338 0
-0.000455089 0
-0.000185549 0
0.00143279 0
0.00089316 0
0.00089316 0
0.00062362 0
8.44028e-05 0
-0.000185549 0
-0.0015338 0
-0.00288314 0
-0.0039613 0
-0.00476937 0
-0.00423139 0
-0.00261306 0
-0.000724629 0
0.00062362 0
0.00170288 0
0.00278214 0
0.00305003 0
0.00251205 0
0.00224196 0
0.0011627 0
0.00170288 0
0.00305003 0
0.00278214 0
0.00332012 0
0.00494065 0
0.00520854 0
0.00574872 0
0.00574872 0
0.00466837 0
0.0038603 0
0.00251205 0
0.0011627 0
0.00170288 0
0.00143279 0
0.00197187 0
0.00413038 0
0.00574872 0
0.00790504 0
0.00952118 0
0.0116819 0
0.01249 0
0.01249 0
0.0111373 0
0.0089854 0
0.00790504 0
0.00709697 0
0.00682468 0
0.00440047 0
0.00251205 0
0.00359021 0
0.0038603 0
0.00332012 0
0.00547643 0
0.00709697 0
0.00817293 0
0.00871311 0
0.00655679 0
0.0038603 0
0.00197187 0
-0.000455089 0
-0.0015338 0
-0.00126481 0
-0.00126481 0
-0.0015338 0
-0.00288314 0
-0.00557745 0
-0.00773815 0
-0.0109704 0
-0.0134034 0
-0.0147473 0
-0.014475 0
-0.0139392 0
-0.014475 0
-0.0136669 0
-0.0147473 0
-0.0158276 0
-0.0177161 0
-0.019341 0
-0.0190599 0
-0.0185154 0
-0.0158276 0
-0.0123231 0
-0.00962658 0
-0.00854623 0
-0.00800605 0
-0.00557745 0
-0.00476937 0
-0.00611762 0
-0.00530955 0
-0.00476937 0
-0.00423139 0
-0.00207288 0
-0.00126481 0
-0.00234297 0
-0.00315104 0
-0.0039613 0
-0.00476937 0
-0.00530955 0
-0.00315104 0
-0.000185549 0
0.00359021 0
0.00844522 0
0.01249 0
0.0141061 0
0.0146507 0
0.0165391 0
0.0157222 0
0.0154587 0
0.0165391 0
0.0159945 0
0.0165391 0
0.0157222 0
0.0146507 0
0.0130257 0
0.0106015 0
0.00979347 0
0.00952118 0
0.0106015 0
0.0116819 0
0.0143784 0
0.0192356 0
0.0219233 0
0.0238205 0
0.0254367 0
0.0259812 0
0.0243475 0
0.0213963 0
0.0184275 0
0.0154587 0
0.0122177 0
0.00817293 0
0.00709697 0
0.00601661 0
0.00412819 0
0.00224196 0
-0.000724629 0
-0.00234297 0
-0.00423139 0
-0.00584973 0
-0.00476937 0
-0.00530955 0
-0.00638991 0
-0.00611762 0
-0.00692569 0
-0.00854623 0
-0.0107069 0
-0.0128589 0
-0.0150196 0
-0.0158276 0
-0.0163634 0
-0.0177161 0
-0.0171715 0
-0.0174438 0
-0.016908 0
-0.0155554 0
-0.0155554 0
-0.0147473 0
-0.0142115 0
-0.0134034 0
-0.0125866 0
-0.0134034 0
-0.0131312 0
-0.0117785 0
-0.0117785 0
-0.0107069 0
-0.00773815 0
-0.00611762 0
-0.00369122 0
-0.000725178 0
0.00089316 0
0.00143279 0
0.000624169 0
8.43342e-05 0
-0.00207288 0
-0.00126371 0
0.00143279 0
0.00251205 0
0.00574872 0
0.0089854 0
0.0108738 0
0.0106015 0
0.00979347 0
0.00763715 0
0.00251205 0
-0.000455089 0
-0.00180389 0
-0.0015338 0
-0.000725178 0
8.43342e-05 0
0.00251205 0
0.00251205 0
0.00278214 0
0.00197187 0
-0.00261306 0
-0.00530955 0
-0.00692569 0
-0.00881412 0
-0.0093543 0
-0.00908201 0
-0.00719798 0
-0.00476937 0
-0.00261306 0
-0.00180389 0
-0.0015338 0
-0.000994169 0
-0.00126371 0
-0.00207288 0
-0.00315104 0
-0.00315104 0
-0.00234297 0
-0.000994169 0
8.44028e-05 0
0.00170288 0
0.00332012 0
0.00439828 0
0.00574872 0
0.00494065 0
0.00278214 0
0.000624169 0
-0.000185412 0
0.000624169 0
0.00143279 0
0.00413038 0
0.00763715 0
0.0106015 0
0.0135703 0
0.0135703 0
0.0122177 0
0.0114096 0
0.00844522 0
0.00466837 0
0.00332012 0
0.00197187 0
8.43342e-05 0
-0.000994169 0
-0.000725178 0
8.43342e-05 0
8.43342e-05 0
-0.000185412 0
0.00089316 0
0.00143279 0
0.00035408 0
-0.000994718 0
-0.00288314 0
-0.0039613 0
-0.00423139 0
-0.00261306 0
-0.000455089 0
-0.000455089 0
8.43342e-05 0
8.43342e-05 0
-0.000455089 0
-0.00180389 0
-0.00369122 0
-0.00530955 0
-0.00611762 0
-0.00611762 0
-0.00611762 0
-0.00504166 0
-0.00207288 0
-0.000185412 0
0.00035408 0
0.00143279 0
0.00143279 0
-0.000185412 0
-0.00126371 0
-0.00261306 0
-0.0039613 0
-0.00423139 0
-0.00450148 0
-0.00450148 0
-0.00450148 0
-0.00423139 0
-0.00504166 0
-0.00504166 0
-0.00342113 0
-0.000994718 0
0.0011627 0
0.00251205 0
0.0062889 0
0.00817293 0
0.00763715 0
0.00682468 0
0.00439828 0
0.00143279 0
-0.000724629 0
-0.000724629 0
0.00035408 0
0.00035408 0
0.0011627 0
0.00359021 0
0.00574872 0
0.00682468 0
0.00709697 0
0.00709697 0
0.00682468 0
0.00574872 0
0.00520854 0
0.0038603 0
0.00170178 0
0.00089316 0
0.00089316 0
0.00224196 0
0.00332012 0
0.00520854 0
0.00709697 0
0.00736486 0
0.00790504 0
0.0062889 0
0.00332012 0
0.0011627 0
-0.00180389 0
-0.00342113 0
-0.00450148 0
-0.00423139 0
-0.00126371 0
0.00089316 0
0.00251205 0
0.00413038 0
0.00439828 0
0.0038603 0
0.00224196 0
0.00062362 0
-0.0015338 0
-0.00342113 0
-0.00288314 0
-0.00234297 0
-0.00234297 0
-0.00207288 0
-0.0015338 0
-0.000185412 0
0.00035408 0
-0.0015338 0
-0.00234297 0
-0.0015338 0
-0.00180389 0
-0.00126371 0
-0.000994718 0
-0.000724629 0
-0.00126371 0
-0.00126371 0
-0.00126371 0
-0.00234297 0
-0.00315104 0
-0.00369122 0
-0.00342113 0
-0.00261306 0
-0.00288314 0
-0.00261306 0
-0.00315104 0
-0.00476937 0
-0.00504166 0
-0.00476937 0
-0.00504166 0
-0.00530955 0
-0.00584973 0
-0.00450148 0
-0.00423139 0
-0.00504166 0
-0.00261306 0
-0.000724629 0
0.00062362 0
0.00332012 0
0.00413038 0
0.00359021 0
0.00278214 0
-0.000185412 0
-0.0039613 0
-0.00584973 0
-0.00746587 0
-0.00854623 0
-0.00692569 0
-0.00450148 0
-0.00126371 0
0.0011627 0
0.00251205 0
0.00466837 0
0.00547643 0
0.00547643 0
0.00359021 0
0.00197187 0
0.00035408 0
-0.00315104 0
-0.0039613 0
-0.00450148 0
-0.00557745 0
-0.00450148 0
-0.00369122 0
-0.00180389 0
0.00035408 0
0.00035408 0
0.000893709 0
0.00224196 0
0.000893709 0
0.00170178 0
0.00170178 0
8.42655e-05 0
-0.000185412 0
-0.0015338 0
-0.00288314 0
-0.00234297 0
-0.00288314 0
-0.00207288 0
-0.000185412 0
0.00062362 0
0.00305003 0
0.00439828 0
0.00574872 0
0.00790504 0
0.00817293 0
0.00925768 0
0.00952118 0
0.00871311 0
0.00844522 0
0.0062889 0
0.00413038 0
0.00439828 0
0.00332012 0
0.00170178 0
0.0038603 0
0.00466837 0
0.00413038 0
0.0062889 0
0.0062889 0
0.0062889 0
0.00655679 0
0.00547643 0
0.00601661 0
0.00547643 0
0.00439828 0
0.00305003 0
0.00143279 0
8.42655e-05 0
-0.00369122 0
-0.00611762 0
-0.00719798 0
-0.00800605 0
-0.00800605 0
-0.00746587 0
-0.00638991 0
-0.00369122 0
-0.0015338 0
-0.0015338 0
-0.00180389 0
-0.00261306 0
-0.00342113 0
-0.00315104 0
-0.00342113 0
-0.00369122 0
-0.00423139 0
-0.0039613 0
-0.00288314 0
-0.00234297 0
-0.0015338 0
0.00062362 0
0.00251205 0
0.00413038 0
0.00439828 0
0.00251205 0
8.44028e-05 0
-0.00288314 0
-0.00638991 0
-0.0101624 0
-0.0109704 0
-0.0101624 0
-0.00962658 0
-0.0066578 0
-0.00288314 0
-0.000185549 0
0.00197187 0
0.00278214 0
0.00278214 0
0.00251205 0
0.000893709 0
-0.0015338 0
-0.00261306 0
-0.00315104 0
-0.00342113 0
-0.00207288 0
-0.000455089 0
0.00035408 0
0.00278214 0
0.00494065 0
0.00574872 0
0.0062889 0
0.00547643 0
0.0038603 0
0.00251205 0
0.00170288 0
0.00251205 0
0.00359021 0
0.00413038 0
0.00466837 0
0.00439828 0
0.00305003 0
0.00197187 0
0.000893709 0
-0.000724629 0
-0.000724629 0
-0.000185549 0
0.0011627 0
0.00305003 0
0.00413038 0
0.00494065 0
0.00574872 0
0.00413038 0
0.00170288 0
8.44028e-05 0
-0.00180389 0
-0.00261306 0
-0.00288314 0
-0.00234297 0
-0.000994718 0
-0.0015338 0
-0.00342113 0
-0.00342113 0
-0.0039613 0
-0.00476937 0
-0.00504166 0
-0.00692569 0
-0.0066578 0
-0.00504166 0
-0.00504166 0
-0.00369122 0
-0.000185549 0
0.00251205 0
0.00251205 0
0.0038603 0
0.00278214 0
-0.000994718 0
-0.00207288 0
-0.00476937 0
-0.00773815 0
-0.00746587 0
-0.00692569 0
-0.00557745 0
-0.00234297 0
0.000893709 0
0.00170288 0
0.00224196 0
0.00305003 0
0.00197187 0
-0.000185412 0
-0.000185412 0
-0.0015338 0
-0.00369122 0
-0.00342113 0
-0.00261306 0
-0.0039613 0
-0.00369122 0
-0.0015338 0
-0.000185412 0
0.000353805 0
8.41969e-05 0
8.41969e-05 0
-0.000455089 0
-0.0015338 0
-0.00180389 0
-0.00207288 0
-0.000455089 0
0.00143279 0
0.00251205 0
0.00466837 0
0.00466837 0
0.00439828 0
0.00413038 0
0.00224196 0
0.00062362 0
-0.0015338 0
-0.00234297 0
-0.000724629 0
-0.00126371 0
-0.000994718 0
0.00089316 0
0.00170288 0
0.00278214 0
0.00224196 0
0.00143279 0
0.0011627 0
-0.000724629 0
-0.00207288 0
-0.00180389 0
-0.00180389 0
-0.00261306 0
-0.00207288 0
-0.000994718 0
-0.000455089 0
0.00170288 0
0.00251205 0
0.00359021 0
0.00574872 0
0.00601661 0
0.00601661 0
0.00439828 0
0.00170288 0
-0.000724629 0
-0.00180389 0
-0.00288314 0
-0.0039613 0
-0.00315104 0
-0.00315104 0
-0.00261306 0
-0.00315104 0
-0.00288314 0
-0.000455089 0
-0.000185412 0
-0.000724629 0
0.0011627 0
0.00278214 0
0.00332012 0
0.00305003 0
0.00197187 0
0.00143279 0
0.0011627 0
-0.0015338 0
-0.00369122 0
-0.0039613 0
-0.00476937 0
-0.00369122 0
-0.00126371 0
0.00062362 0
0.00332012 0
0.00709697 0
0.0089854 0
0.00817293 0
0.00655679 0
0.00359021 0
8.41969e-05 0
-0.00234297 0
-0.00315104 0
-0.00234297 0
-0.000455089 0
0.00251205 0
0.00709697 0
0.00979347 0
0.0103293 0
0.0100658 0
0.00844522 0
0.00655679 0
0.0062889 0
0.0062889 0
0.00601661 0
0.00736486 0
0.00871311 0
0.00871311 0
0.00790504 0
0.00709697 0
0.00655679 0
0.00466837 0
0.0038603 0
0.00251205 0
8.43342e-05 0
8.43342e-05 0
-0.00126371 0
-0.00261306 0
-0.00234297 0
-0.00180389 0
-0.000185412 0
0.00035408 0
-0.000185412 0
-0.000994169 0
-0.00126371 0
-0.0015338 0
-0.00234297 0
-0.0015338 0
8.43342e-05 0
-0.000185412 0
0.00143279 0
0.00224196 0
0.00035408 0
-0.00126371 0
-0.00315104 0
-0.0066578 0
-0.00827394 0
-0.00638991 0
-0.00450148 0
-0.00207288 0
0.00170288 0
0.0038603 0
0.00494065 0
0.00547643 0
0.0038603 0
0.00170288 0
8.43342e-05 0
-0.0015338 0
-0.00261306 0
-0.00261306 0
-0.00261306 0
-0.00261306 0
-0.00261306 0
-0.00315104 0
-0.00369122 0
-0.00369122 0
-0.00261306 0
-0.00234297 0
-0.00288314 0
-0.00180389 0
-0.00180389 0
-0.000724629 0
8.43342e-05 0
-0.000994169 0
0.00062362 0
0.00062362 0
-0.000185412 0
-0.000455089 0
-0.00180389 0
-0.0039613 0
-0.00692569 0
-0.00827394 0
-0.00800605 0
-0.00584973 0
-0.00369122 0
-0.00180389 0
0.00062362 0
0.00143279 0
0.00224196 0
0.00062362 0
-0.00126371 0
-0.00261306 0
-0.00584973 0
-0.00692569 0
-0.0066578 0
-0.00584973 0
-0.00450148 0
-0.00342113 0
-0.0015338 0
-0.000724629 0
-0.000724629 0
-0.000994169 0
-0.00126371 0
-0.0015338 0
-0.0015338 0
-0.00126371 0
-0.000994169 0
0.00035408 0
0.00035408 0
-0.000185412 0
-0.000455089 0
-0.000185412 0
0.00035408 0
-0.000724629 0
-0.00126371 0
-0.000724629 0
8.43342e-05 0
0.00062362 0
0.00143279 0
0.00305003 0
0.00305003 0
0.00170288 0
0.00170288 0
-0.000185549 0
-0.00207288 0
-0.000724629 0
-0.00126371 0
-0.00126371 0
0.00062362 0
0.0011627 0
0.00197187 0
0.00332012 0
0.00277994 0
0.00062362 0
-0.000994718 0
-0.00126371 0
-0.00180389 0
-0.000994718 0
0.00143279 0
0.00224196 0
0.00224196 0
0.00143279 0
-0.000455089 0
8.43342e-05 0
-0.000455089 0
-0.00207288 0
-0.000455089 0
-0.000455089 0
-0.000455089 0
0.00035408 0
-0.00234297 0
-0.00530955 0
-0.00719798 0
-0.00908201 0
-0.00908201 0
-0.00827394 0
-0.0066578 0
-0.00288314 0
0.00062362 0
0.00332012 0
0.00520854 0
0.00494065 0
0.0038603 0
0.00305003 0
0.00089316 0
-0.00207288 0
-0.00288314 0
-0.0039613 0
-0.00504166 0
-0.00423139 0
-0.00369122 0
-0.00261306 0
-0.0015338 0
0.00062362 0
0.00170288 0
0.00197187 0
0.0038603 0
0.00413038 0
0.00332012 0
0.00305003 0
0.00197187 0
0.00089316 0
0.0011627 0
0.00089316 0
0.0011627 0
0.0011627 0
0.00224196 0
0.00494065 0
0.00520854 0
0.00601661 0
0.00601661 0
0.00466837 0
0.00494065 0
0.00439828 0
0.00466837 0
0.00547643 0
0.0062889 0
0.00601661 0
0.00601661 0
0.00736486 0
0.00574872 0
0.00439828 0
0.00439828 0
0.00277994 0
0.00143279 0
0.0011627 0
0.00062362 0
0.00089316 0
0.0011627 0
0.00170288 0
0.00251205 0
0.00224196 0
0.00277994 0
0.00277994 0
0.00197187 0
0.00089316 0
-0.000455089 0
8.42655e-05 0
8.42655e-05 0
0.0011627 0
0.00305003 0
0.00277994 0
0.00359021 0
0.00494065 0
0.00413038 0
0.00277994 0
0.00224196 0
0.00170288 0
0.00035408 0
0.00035408 0
0.00035408 0
8.42655e-05 0
0.00197187 0
0.00197187 0
8.42655e-05 0
-0.000455089 0
-0.000724629 0
-0.00180389 0
-0.00261306 0
-0.00261306 0
-0.00234297 0
-0.00180389 0
-0.000724629 0
0.00035408 0
0.00035408 0
-0.000455089 0
-0.000994718 0
-0.00207288 0
-0.00342113 0
-0.00504166 0
-0.00557745 0
-0.00476937 0
-0.00504166 0
-0.00504166 0
-0.00342113 0
-0.000994718 0
-0.000185412 0
8.42655e-05 0
0.0011627 0
-0.000185412 0
-0.0015338 0
-0.00261306 0
-0.00423139 0
-0.00476937 0
-0.00504166 0
-0.00504166 0
-0.00450148 0
-0.00342113 0
-0.00288314 0
-0.00261306 0
-0.00288314 0
-0.00342113 0
-0.00342113 0
-0.00342113 0
-0.00369122 0
-0.00342113 0
-0.00207288 0
-0.00126371 0
-0.0015338 0
-0.00207288 0
-0.00180389 0
-0.0015338 0
-0.00180389 0
-0.00234297 0
-0.00234297 0
-0.00207288 0
-0.0015338 0
0.0011627 0
0.00143279 0
0.00035408 0
8.42655e-05 0
-0.00234297 0
-0.00315104 0
-0.00369122 0
-0.00584973 0
-0.00557745 0
-0.00504166 0
-0.00288314 0
0.00062362 0
0.00224196 0
0.00359021 0
0.00439828 0
0.00224196 0
0.00143279 0
0.00143279 0
0.00062362 0
0.00143279 0
0.00197187 0
0.00277994 0
0.00332012 0
0.00413038 0
0.00466837 0
0.00332012 0
0.00332012 0
0.00305003 0
0.00277994 0
0.00413038 0
0.00520854 0
0.00655679 0
0.00709697 0
0.00817293 0
0.00871311 0
0.00790504 0
0.00601661 0
0.00466837 0
0.00332012 0
0.00251205 0
0.00197187 0
0.0011627 0
0.00197187 0
0.00277994 0
0.00170178 0
0.00197187 0
0.00224196 0
0.00170178 0
0.0011627 0
0.00224196 0
0.00359021 0
0.00305003 0
0.00332012 0
0.00439828 0
0.00332012 0
0.00170288 0
0.0011627 0
-0.00126371 0
-0.00288314 0
-0.00288314 0
-0.00342113 0
-0.00342113 0
-0.0039613 0
-0.00315104 0
-0.00126371 0
-0.0015338 0
-0.000455089 0
-0.000185412 0
-0.00180389 0
-0.00234297 0
-0.00180389 0
-0.00126371 0
-0.00207288 0
-0.00288314 0
-0.0015338 0
-0.000994169 0
-0.000994169 0
-0.0015338 0
-0.00261306 0
-0.00315104 0
-0.00450148 0
-0.00557745 0
-0.00557745 0
-0.00530955 0
-0.00530955 0
-0.00504166 0
-0.00288314 0
-0.00180389 0
-0.0015338 0
0.00035408 0
0.00062362 0
0.00197187 0
0.00305003 0
0.00224196 0
0.00089316 0
-0.000455089 0
-0.000994169 0
-0.000724629 0
-0.00126371 0
-0.000724629 0
0.0011627 0
0.00089316 0
0.00062362 0
0.00089316 0
-0.000724629 0
-0.00180389 0
-0.00207288 0
-0.00126371 0
0.00035408 0
0.00062362 0
0.00197187 0
0.00278214 0
0.00278214 0
0.00305003 0
0.00089316 0
8.43342e-05 0
0.00035408 0
-0.000994169 0
0.0011627 0
0.00305003 0
0.00251205 0
0.00277994 0
0.00170288 0
8.43342e-05 0
-0.0015338 0
-0.00288314 0
-0.00504166 0
-0.00530955 0
-0.00530955 0
-0.00557745 0
-0.00288314 0
-0.0015338 0
-0.00126371 0
-0.000185549 0
0.00062362 0
0.00062362 0
-0.000185549 0
-0.00126371 0
-0.00180389 0
-0.00207288 0
-0.00261306 0
-0.00207288 0
-0.00261306 0
-0.00369122 0
-0.00342113 0
-0.0039613 0
-0.0039613 0
-0.00288314 0
-0.000455089 0
0.00089316 0
0.00224196 0
0.00520854 0
0.00601661 0
0.00494065 0
0.00332012 0
0.00170288 0
8.42655e-05 0
-0.0015338 0
-0.00288314 0
-0.00288314 0
-0.0015338 0
-0.000455089 0
0.00143279 0
0.00332012 0
0.00359021 0
0.00439828 0
0.00332012 0
0.00224196 0
0.00251205 0
0.00089316 0
0.000353805 0
-0.000724629 0
-0.000994169 0
8.42655e-05 0
-0.000185412 0
-0.000994169 0
-0.00126371 0
-0.000994169 0
-0.000994718 0
-0.000724629 0
8.42655e-05 0
8.42655e-05 0
-0.000185412 0
0.00089316 0
0.00278214 0
0.00332012 0
0.00359021 0
0.00466837 0
0.00466837 0
0.00466837 0
0.00466837 0
0.00439828 0
0.0038603 0
0.00197187 0
0.0011627 0
0.00143279 0
0.00089316 0
0.00143279 0
0.0011627 0
-0.000455089 0
-0.0015338 0
-0.00207288 0
-0.00342113 0
-0.00315104 0
-0.0015338 0
-0.00180389 0
-0.00234297 0
-0.00261306 0
-0.00261306 0
-0.00288314 0
-0.0039613 0
-0.0039613 0
-0.0039613 0
-0.0039613 0
-0.00234297 0
-0.0015338 0
-0.000994169 0
-0.00126371 0
-0.00234297 0
-0.00369122 0
-0.0039613 0
-0.00423139 0
-0.0039613 0
-0.00315104 0
-0.00207288 0
-0.00207288 0
-0.00234297 0
-0.000455089 0
-0.000455089 0
-0.000185274 0
0.00062362 0
8.42655e-05 0
0.0011627 0
0.00170178 0
0.00197187 0
0.00143279 0
0.00062362 0
0.00035408 0
-0.00126371 0
-0.00234297 0
-0.00288314 0
-0.00261306 0
-0.00261306 0
-0.00315104 0
-0.00207288 0
-0.000455089 0
0.00143279 0
0.00251205 0
0.00278214 0
0.00359021 0
0.00547643 0
0.00547643 0
0.00413038 0
0.00413038 0
0.00197187 0
-0.000994718 0
-0.000994718 0
-0.00126371 0
-0.00126371 0
8.41969e-05 0
0.00062362 0
0.00197187 0
0.00413038 0
0.00547643 0
0.0062889 0
0.00601661 0
0.00494065 0
0.00332012 0
0.0011627 0
-0.000994718 0
-0.00126371 0
0.00062362 0
0.00089316 0
0.00305003 0
0.00574872 0
0.00520854 0
0.00520854 0
0.00494065 0
0.00359021 0
0.00224196 0
8.42655e-05 0
-0.000455089 0
0.00035408 0
0.00035408 0
8.42655e-05 0
0.00143279 0
0.00224196 0
0.00170178 0
0.0011627 0
0.00170178 0
0.00143279 0
0.00170178 0
0.00224196 0
0.00197187 0
0.00332012 0
0.0038603 0
0.00197187 0
0.00089316 0
8.42655e-05 0
-0.00180389 0
-0.0039613 0
-0.00450148 0
-0.00342113 0
-0.00207288 0
-0.00234297 0
-0.00234297 0
-0.00126371 0
-0.00126371 0
-0.000185412 0
0.00089316 0
0.00062362 0
0.00089316 0
0.00143279 0
8.41969e-05 0
-0.0015338 0
-0.00207288 0
-0.00288314 0
-0.00342113 0
-0.00504166 0
-0.00530955 0
-0.00450148 0
-0.00530955 0
-0.00450148 0
-0.00369122 0
-0.00423139 0
-0.00342113 0
-0.00234297 0
-0.00180389 0
-0.00180389 0
-0.0015338 0
-0.000724629 0
-0.000724629 0
-0.000185549 0
0.00062362 0
0.00062362 0
0.000353805 0
0.000353805 0
8.42655e-05 0
-0.00126371 0
-0.00234297 0
-0.00315104 0
-0.0039613 0
-0.00342113 0
-0.00342113 0
-0.00180389 0
0.000353805 0
0.00062362 0
0.00170288 0
0.00251205 0
0.00251205 0
0.00089316 0
-0.000455089 0
-0.000455089 0
-0.00288314 0
-0.00342113 0
-0.00369122 0
-0.00476937 0
-0.00234297 0
-0.000724629 0
0.000353805 0
0.00251205 0
0.00278214 0
0.00197187 0
0.00143279 0
0.000353805 0
-0.000994169 0
-0.0015338 0
-0.00288314 0
-0.00261306 0
-0.00126371 0
-0.00234297 0
-0.000994169 0
-0.000455089 0
-0.0015338 0
-0.00126371 0
-0.00207288 0
-0.0015338 0
0.000353805 0
0.000353805 0
0.00089316 0
0.00224196 0
0.0038603 0
0.00332012 0
0.00224196 0
0.00224196 0
0.000353805 0
-0.00180389 0
-0.00288314 0
-0.0039613 0
-0.00450148 0
-0.00423139 0
-0.00369122 0
-0.00234297 0
-0.00126371 0
-0.000724629 0
-0.00126371 0
-0.00234297 0
-0.00207288 0
-0.00261306 0
-0.00261306 0
-0.000455089 0
0.00089316 0
0.00089316 0
0.0011627 0
0.00224196 0
0.00197187 0
0.000353805 0
-0.000185412 0
0.00062362 0
0.0011627 0
0.00062362 0
0.00143279 0
0.00170288 0
0.00224196 0
0.00305003 0
0.00305003 0
0.00305003 0
0.0038603 0
0.0038603 0
0.00305003 0
0.00332012 0
0.00251205 0
0.00197187 0
0.00224196 0
0.00224196 0
0.0038603 0
0.00494065 0
0.00439828 0
0.00520854 0
0.00494065 0
0.00439828 0
0.00439828 0
0.00277994 0
0.00197187 0
0.00251205 0
0.00224196 0
0.00224196 0
0.00251205 0
0.00143279 0
0.00089316 0
0.00089316 0
0.00062362 0
0.0011627 0
0.00197187 0
0.00170288 0
0.00305003 0
0.00413038 0
0.00332012 0
0.00278214 0
0.00197187 0
0.00143279 0
0.0011627 0
-0.000455089 0
0.00089316 0
0.00278214 0
0.00251205 0
0.00278214 0
0.00251205 0
0.00170288 0
0.00089316 0
0.00062362 0
0.00035408 0
-0.000455089 0
-0.000724629 0
-0.000185412 0
0.00143279 0
0.00170288 0
0.00089316 0
0.00062362 0
-0.0015338 0
-0.00342113 0
-0.00450148 0
-0.00450148 0
-0.00423139 0
-0.00315104 0
-0.00180389 0
-0.00126371 0
-0.000455089 0
0.0011627 0
0.00170288 0
0.00089316 0
0.00035408 0
8.42655e-05 0
-0.000724629 0
-0.00180389 0
-0.000994169 0
-0.000185412 0
-0.0015338 0
-0.00261306 0
-0.00261306 0
-0.00342113 0
-0.00261306 0
-0.0015338 0
-0.00207288 0
-0.00207288 0
-0.0015338 0
-0.00180389 0
-0.00234297 0
-0.00315104 0
-0.0039613 0
-0.00476937 0
-0.00584973 0
-0.00584973 0
-0.00476937 0
-0.00423139 0
-0.00288314 0
-0.00126371 0
-0.000724629 0
0.00062362 0
-0.000994169 0
-0.00261306 0
-0.00261306 0
-0.00342113 0
-0.0039613 0
-0.00369122 0
-0.00315104 0
-0.00369122 0
-0.00530955 0
-0.00504166 0
-0.00423139 0
-0.00450148 0
-0.00504166 0
-0.00504166 0
-0.00423139 0
-0.00369122 0
-0.00369122 0
-0.00207288 0
-0.000185412 0
-0.000455089 0
0.0011627 0
0.00170178 0
0.00062362 0
8.42655e-05 0
-0.000724629 0
-0.0015338 0
-0.00261306 0
-0.00180389 0
-0.00180389 0
-0.00207288 0
-0.000724629 0
0.00062362 0
0.00305003 0
0.00332012 0
0.00305003 0
0.00439828 0
0.00305003 0
0.00143279 0
8.42655e-05 0
-0.000994718 0
-0.000185412 0
-0.000724629 0
-0.000185412 0
0.00224196 0
0.0038603 0
0.00547643 0
0.00655679 0
0.0062889 0
0.00494065 0
0.00277994 0
0.00143279 0
0.00143279 0
0.0011627 0
0.00089316 0
0.00277994 0
0.00466837 0
0.00601661 0
0.00682468 0
0.00601661 0
0.0062889 0
0.00601661 0
0.00466837 0
0.00520854 0
0.00655679 0
0.00655679 0
0.00709697 0
0.00844522 0
0.00682468 0
0.00547643 0
0.00547643 0
0.00413038 0
0.0038603 0
0.00413038 0
0.00305003 0
0.00277994 0
0.00332012 0
0.00305003 0
0.00305003 0
0.00277994 0
0.00224196 0
0.00224196 0
0.00197187 0
0.00251205 0
0.00089316 0
-0.000455089 0
8.42655e-05 0
0.00062362 0
0.000353805 0
0.000353805 0
0.00089316 0
0.00062362 0
0.0011627 0
0.00143279 0
0.0011627 0
0.00170178 0
0.000353805 0
8.42655e-05 0
-0.000455089 0
-0.000994718 0
-0.00126371 0
-0.00342113 0
-0.00450148 0
-0.00638991 0
-0.00827394 0
-0.00800605 0
-0.00854623 0
-0.00800605 0
-0.00530955 0
-0.00315104 0
-0.00126371 0
0.000353805 0
0.00062362 0
-0.000724629 0
-0.0015338 0
-0.000994718 0
-0.00261306 0
0 0
0 0
0 0
0 0
0 0
0 0
0 0
0 0
0 0
0 0
0 0
0 0
0 0
0 0
0 0
0 0
0 0
0 0
0 0
0 0
0 0
0 0
0 0
0 0
0 0
0 0
0 0
0 0
0 0
0 0
0 0
0 0
0 0
0 0
0 0
0 0
0 0
0 0
0 0
0 0
0 0
0 0
0 0
0 0
0 0
0 0
0 0
0 0
0 0
0 0
0 0
0 0
0 0
0 0
0 0
0 0
0 0
0 0
0 0
0 0
0 0
0 0
0 0
0 0
0 0
0 0
0 0
0 0
0 0
0 0
0 0
0 0
0 0
0 0
0 0
0 0
0 0
0 0
0 0
0 0
0 0
0 0
0 0
0 0
0 0
0 0
0 0
0 0
0 0
0 0
0 0
0 0
0 0
0 0
0 0
0 0
0 0
0 0
0 0
0 0
0 0
0 0
0 0
0 0
0 0
0 0
0 0
0 0
0 0
0 0
0 0
0 0
0 0
0 0
0 0
0 0
0 0
0 0
0 0
0 0
0 0
0 0
0 0
0 0
0 0
0 0
0 0
0 0
0 0
0 0
0 0
0 0
0 0
0 0
0 0
0 0
0 0
0 0
0 0
0 0
0 0
0 0
0 0
0 0
0 0
0 0
0 0
0 0
0 0
0 0
0 0
0 0
0 0
0 0
0 0
0 0
0 0
0 0
0 0
0 0
0 0
0 0
0 0
0 0
0 0
0 0
0 0
0 0
0 0
0 0
0 0
0 0
0 0
0 0
0 0
0 0
0 0
0 0
0 0
0 0
0 0
0 0
0 0
0 0
0 0
0 0
0 0
0 0
0 0
0 0
0 0
0 0
0 0
0 0
0 0
0 0
0 0
0 0
0 0
0 0
0 0
0 0
0 0
0 0
0 0
0 0
0 0
0 0
0 0
0 0
0 0
0 0
0 0
0 0
0 0
0 0
0 0
0 0
0 0
0 0
0 0
0 0
0 0
0 0
0 0
0 0
0 0
0 0
0 0
0 0
0 0
0 0
0 0
0 0
0 0
0 0
0 0
0 0
0 0
0 0
0 0
0 0
0 0
0 0
0 0
0 0
0 0
0 0
0 0
0 0
0 0
0 0
0 0
0 0
0 0
0 0
0 0
0 0
0 0
0 0
0 0
0 0
0 0
0 0
0 0
0 0
0 0
0 0
0 0
0 0
0 0
0 0
0 0
0 0
0 0
0 0
0 0
0 0
0 0
0 0
0 0
0 0
0 0
0 0
0 0
0 0
0 0
0 0
0 0
0 0
0 0
0 0
0 0
0 0
0 0
0 0
0 0
0 0
0 0
0 0
0 0
